     2.5 -0.334913499381754 
       3 -0.423965808352677 
     3.5 -0.464356170176429 
       4 -0.483264710590831 
     4.5 -0.492205069933236 
       5 -0.496416852958395 
     5.5 -0.498378001475331 
       6 -0.499277204651833 
     6.5 -0.499682659282151 
       7 -0.499862544478616 
     7.5 -0.49994117401168 
       8 -0.499975088756577 
     8.5 -0.499989547807406 
       9 -0.499995650925471 
     9.5 -0.499998203977353 
      10 -0.499999263719458 
    10.5 -0.499999700741197 
      11 -0.499999879758293 
    11.5 -0.499999952986611 
      12 -0.499999983335267 
    12.5 -0.499999994526936 
      13 -0.499999999337072 
    13.5 -0.500000001573965 
      14 -0.50000000246728 
    14.5 -0.50000000217548 
