     2.5 -0.500002450695143 
       3 -0.500001296914491 
     3.5 -0.500000370844054 
       4 -0.500000267969372 
     4.5 -0.49999997905888 
       5 -0.499999994407744 
     5.5 -0.499999963387985 
       6 -0.499999973061694 
     6.5 -0.499999981258202 
       7 -0.499999987914421 
     7.5 -0.499999993632816 
       8 -0.499999996117226 
     8.5 -0.499999998569661 
       9 -0.500000000324267 
     9.5 -0.500000001257624 
      10 -0.500000001882013 
    10.5 -0.50000000222455 
      11 -0.500000002391433 
    11.5 -0.500000002632805 
      12 -0.500000003257352 
    12.5 -0.500000002593173 
      13 -0.500000002581758 
    13.5 -0.500000002860385 
      14 -0.500000002970222 
    14.5 -0.500000002384334 
