8.23715e-10 8.23715e-10          1 
1.60752e-09 1.60752e-09          1 
5.52132e-08 5.52132e-08          1 
2.0694e-06 2.06939e-06   0.999996 
2.41423e-05 2.41417e-05   0.999952 
0.000121538 0.000121524   0.999757 
0.000362779 0.000362647   0.999275 
0.000779078 0.000778471   0.998443 
0.00135482 0.00135299   0.997293 
0.00205165 0.00204745   0.995903 
0.00283048 0.00282248   0.994351 
0.00366079 0.00364742   0.992698 
0.00452165 0.00450125   0.990987 
0.00539972 0.00537063   0.989244 
0.00628687 0.00624747   0.987485 
0.00717836 0.00712701    0.98572 
0.00807146 0.00800657   0.983954 
 0.0089647 0.00888469    0.98219 
 0.0098573  0.0097606    0.98043 
 0.0107489   0.010634   0.978674 
 0.0116394  0.0115047   0.976923 
 0.0125287  0.0123727   0.975176 
 0.0134169  0.0132381   0.973434 
 0.0143041  0.0141009   0.971696 
 0.0151904  0.0149613   0.969962 
 0.0160757  0.0158193   0.968232 
 0.0169603  0.0166751   0.966507 
 0.0178441  0.0175285   0.964785 
 0.0187273  0.0183798   0.963066 
 0.0196098   0.019229   0.961351 
 0.0204918  0.0200761   0.959639 
 0.0213732  0.0209212   0.957931 
 0.0222541  0.0217643   0.956226 
 0.0231345  0.0226054   0.954524 
 0.0240145  0.0234446   0.952826 
  0.024894  0.0242819    0.95113 
 0.0257731  0.0251173   0.949438 
 0.0266518  0.0259509   0.947748 
 0.0275302  0.0267826   0.946062 
 0.0284081  0.0276124   0.944378 
 0.0292857  0.0284405   0.942697 
  0.030163  0.0292667   0.941019 
 0.0310399  0.0300912   0.939344 
 0.0319165  0.0309139   0.937672 
 0.0327928  0.0317348   0.936003 
 0.0336688   0.032554   0.934336 
 0.0345444  0.0333714   0.932673 
 0.0354198  0.0341871   0.931012 
 0.0362949  0.0350011   0.929353 
 0.0371697  0.0358134   0.927698 
 0.0380442  0.0366239   0.926045 
 0.0389184  0.0374328   0.924395 
 0.0397923    0.03824   0.922748 
  0.040666  0.0390454   0.921103 
 0.0415395  0.0398492   0.919461 
 0.0424126  0.0406514   0.917821 
 0.0432855  0.0414518   0.916185 
 0.0441582  0.0422506   0.914551 
 0.0450306  0.0430478   0.912919 
 0.0459028  0.0438433    0.91129 
 0.0467747  0.0446371   0.909664 
 0.0476464  0.0454294    0.90804 
 0.0485178  0.0462199   0.906419 
  0.049389  0.0470089     0.9048 
   0.05026  0.0477963   0.903185 
 0.0511307   0.048582   0.901571 
 0.0520012  0.0493661    0.89996 
 0.0528715  0.0501486   0.898352 
 0.0537415  0.0509295   0.896746 
 0.0546113  0.0517088   0.895143 
 0.0554809  0.0524865   0.893542 
 0.0563503  0.0532627   0.891944 
 0.0572195  0.0540372   0.890348 
 0.0580884  0.0548102   0.888755 
 0.0589571  0.0555816   0.887164 
 0.0598256  0.0563514   0.885576 
 0.0606939  0.0571196    0.88399 
  0.061562  0.0578863   0.882407 
 0.0624298  0.0586514   0.880826 
 0.0632975   0.059415   0.879248 
  0.064165   0.060177   0.877672 
 0.0650322  0.0609375   0.876098 
 0.0658992  0.0616964   0.874527 
 0.0667661  0.0624538   0.872959 
 0.0676327  0.0632096   0.871393 
 0.0684991   0.063964   0.869829 
 0.0693653  0.0647168   0.868268 
 0.0702313   0.065468   0.866709 
 0.0710972  0.0662177   0.865152 
 0.0719628   0.066966   0.863598 
 0.0728282  0.0677127   0.862046 
 0.0736934  0.0684579   0.860497 
 0.0745584  0.0692016    0.85895 
 0.0754233  0.0699437   0.857406 
 0.0762879  0.0706844   0.855863 
 0.0771524  0.0714236   0.854324 
 0.0780166  0.0721613   0.852786 
 0.0788807  0.0728975   0.851251 
 0.0797446  0.0736322   0.849718 
 0.0806082  0.0743654   0.848188 
 0.0814717  0.0750972    0.84666 
  0.082335  0.0758274   0.845134 
 0.0831982  0.0765562   0.843611 
 0.0840611  0.0772835    0.84209 
 0.0849238  0.0780094   0.840571 
 0.0857864  0.0787338   0.839055 
 0.0866488  0.0794567   0.837541 
  0.087511  0.0801782   0.836029 
  0.088373  0.0808982    0.83452 
 0.0892348  0.0816168   0.833012 
 0.0900965  0.0823339   0.831508 
 0.0909579  0.0830495   0.830005 
 0.0918192  0.0837638   0.828505 
 0.0926803  0.0844766   0.827007 
 0.0935413  0.0851879   0.825511 
  0.094402  0.0858978   0.824018 
 0.0952626  0.0866063   0.822526 
  0.096123  0.0873134   0.821037 
 0.0969832   0.088019   0.819551 
 0.0978433  0.0887232   0.818066 
 0.0987031   0.089426   0.816584 
 0.0995628  0.0901274   0.815104 
  0.100422  0.0908274   0.813626 
  0.101282   0.091526   0.812151 
  0.102141  0.0922231   0.810678 
     0.103  0.0929189   0.809207 
  0.103859  0.0936132   0.807738 
  0.104717  0.0943062   0.806271 
  0.105576  0.0949977   0.804807 
  0.106434  0.0956879   0.803345 
  0.107292  0.0963767   0.801885 
   0.10815  0.0970641   0.800427 
  0.109008  0.0977501   0.798971 
  0.109866  0.0984347   0.797518 
  0.110724   0.099118   0.796067 
  0.111581  0.0997999   0.794618 
  0.112438    0.10048   0.793171 
  0.113295    0.10116   0.791726 
  0.114152   0.101837   0.790284 
  0.115009   0.102514   0.788843 
  0.115865   0.103189   0.787405 
  0.116722   0.103862   0.785969 
  0.117578   0.104535   0.784535 
  0.118434   0.105206   0.783103 
   0.11929   0.105875   0.781674 
  0.120145   0.106544   0.780246 
  0.121001   0.107211   0.778821 
  0.121856   0.107876   0.777397 
  0.122712   0.108541   0.775976 
  0.123567   0.109204   0.774557 
  0.124422   0.109865   0.773141 
  0.125277   0.110525   0.771726 
  0.126131   0.111184   0.770313 
  0.126986   0.111842   0.768903 
   0.12784   0.112498   0.767494 
  0.128694   0.113153   0.766088 
  0.129548   0.113807   0.764683 
  0.130402   0.114459   0.763281 
  0.131256    0.11511   0.761881 
   0.13211    0.11576   0.760483 
  0.132963   0.116409   0.759087 
  0.133816   0.117056   0.757693 
   0.13467   0.117702   0.756301 
  0.135523   0.118346   0.754912 
  0.136375   0.118989   0.753524 
  0.137228   0.119631   0.752138 
  0.138081   0.120272   0.750755 
  0.138933   0.120911   0.749373 
  0.139785   0.121549   0.747994 
  0.140638   0.122186   0.746616 
   0.14149   0.122822   0.745241 
  0.142341   0.123456   0.743867 
  0.143193   0.124089   0.742496 
  0.144045   0.124721   0.741127 
  0.144896   0.125351   0.739759 
  0.145748    0.12598   0.738394 
  0.146599   0.126608   0.737031 
   0.14745   0.127235   0.735669 
  0.148301    0.12786    0.73431 
  0.149151   0.128485   0.732953 
  0.150002   0.129107   0.731597 
  0.150853   0.129729   0.730244 
  0.151703   0.130349   0.728892 
  0.152553   0.130969   0.727543 
  0.153403   0.131587   0.726196 
  0.154253   0.132203    0.72485 
  0.155103   0.132819   0.723507 
  0.155953   0.133433   0.722165 
  0.156802   0.134046   0.720826 
  0.157652   0.134657   0.719488 
  0.158501   0.135268   0.718153 
   0.15935   0.135877   0.716819 
  0.160199   0.136485   0.715487 
  0.161048   0.137092   0.714157 
  0.161897   0.137698    0.71283 
  0.162746   0.138302   0.711504 
  0.163594   0.138905    0.71018 
  0.164443   0.139507   0.708858 
  0.165291   0.140108   0.707537 
  0.166139   0.140708   0.706219 
  0.166987   0.141306   0.704903 
  0.167835   0.141903   0.703589 
  0.168683   0.142499   0.702276 
  0.169531   0.143094   0.700966 
  0.170378   0.143687   0.699657 
  0.171226    0.14428    0.69835 
  0.172073   0.144871   0.697045 
   0.17292   0.145461   0.695742 
  0.173767    0.14605   0.694441 
  0.174614   0.146637   0.693142 
  0.175461   0.147224   0.691845 
  0.176308   0.147809   0.690549 
  0.177154   0.148393   0.689256 
  0.178001   0.148976   0.687964 
  0.178847   0.149558   0.686674 
  0.179694   0.150139   0.685386 
   0.18054   0.150718     0.6841 
  0.181386   0.151296   0.682815 
  0.182232   0.151873   0.681533 
  0.183078   0.152449   0.680252 
  0.183924   0.153024   0.678974 
  0.184769   0.153598   0.677697 
  0.185615    0.15417   0.676422 
   0.18646   0.154741   0.675148 
  0.187306   0.155312   0.673877 
  0.188151   0.155881   0.672607 
  0.188996   0.156449    0.67134 
  0.189841   0.157015   0.670074 
  0.190686   0.157581    0.66881 
  0.191531   0.158145   0.667547 
  0.192375   0.158709   0.666287 
   0.19322   0.159271   0.665028 
  0.194064   0.159832   0.663771 
  0.194909   0.160392   0.662516 
  0.195753   0.160951   0.661263 
  0.196597   0.161509   0.660011 
  0.197442   0.162065   0.658761 
  0.198286   0.162621   0.657513 
   0.19913   0.163175   0.656267 
  0.199973   0.163728   0.655023 
  0.200817   0.164281    0.65378 
  0.201661   0.164832   0.652539 
  0.202504   0.165381     0.6513 
  0.203348    0.16593   0.650063 
  0.204191   0.166478   0.648827 
  0.205034   0.167025   0.647593 
  0.205878    0.16757   0.646361 
  0.206721   0.168115   0.645131 
  0.207564   0.168658   0.643902 
  0.208407     0.1692   0.642675 
  0.209249   0.169741    0.64145 
  0.210092   0.170281   0.640226 
  0.210935    0.17082   0.639005 
  0.211777   0.171358   0.637785 
   0.21262   0.171895   0.636567 
  0.213462   0.172431    0.63535 
  0.214305   0.172966   0.634135 
  0.215147   0.173499   0.632922 
  0.215989   0.174032   0.631711 
  0.216831   0.174563   0.630501 
  0.217673   0.175093   0.629293 
  0.218515   0.175623   0.628087 
  0.219357   0.176151   0.626882 
  0.220199   0.176678   0.625679 
  0.221041   0.177204   0.624478 
  0.221882   0.177729   0.623279 
  0.222724   0.178254   0.622081 
  0.223565   0.178776   0.620885 
  0.224407   0.179298    0.61969 
  0.225248   0.179819   0.618497 
  0.226089   0.180339   0.617306 
  0.226931   0.180858   0.616117 
  0.227772   0.181376   0.614929 
  0.228613   0.181892   0.613743 
  0.229454   0.182408   0.612558 
  0.230295   0.182923   0.611375 
  0.231136   0.183436   0.610194 
  0.231976   0.183949   0.609014 
  0.232817    0.18446   0.607836 
  0.233658   0.184971    0.60666 
  0.234498    0.18548   0.605486 
  0.235339   0.185989   0.604312 
   0.23618   0.186496   0.603141 
   0.23702   0.187003   0.601971 
   0.23786   0.187508   0.600803 
  0.238701   0.188012   0.599637 
  0.239541   0.188516   0.598472 
  0.240381   0.189018   0.597308 
  0.241221   0.189519   0.596147 
  0.242061    0.19002   0.594987 
  0.242901   0.190519   0.593828 
  0.243741   0.191017   0.592671 
  0.244581   0.191515   0.591516 
  0.245421   0.192011   0.590362 
  0.246261   0.192506    0.58921 
  0.247101   0.193001    0.58806 
  0.247941   0.193494   0.586911 
   0.24878   0.193986   0.585763 
   0.24962   0.194478   0.584618 
   0.25046   0.194968   0.583473 
  0.251299   0.195457   0.582331 
  0.252139   0.195946    0.58119 
  0.252978   0.196433    0.58005 
  0.253817    0.19692   0.578912 
  0.254657   0.197405   0.577776 
  0.255496    0.19789   0.576641 
  0.256336   0.198373   0.575508 
  0.257175   0.198856   0.574376 
  0.258014   0.199337   0.573246 
  0.258853   0.199818   0.572117 
  0.259692   0.200297    0.57099 
  0.260531   0.200776   0.569864 
  0.261371   0.201254    0.56874 
   0.26221    0.20173   0.567618 
  0.263049   0.202206   0.566497 
  0.263888   0.202681   0.565377 
  0.264727   0.203155   0.564259 
  0.265565   0.203628   0.563143 
  0.266404     0.2041   0.562028 
  0.267243   0.204571   0.560915 
  0.268082   0.205041   0.559803 
  0.268921    0.20551   0.558692 
   0.26976   0.205978   0.557583 
  0.270598   0.206445   0.556476 
  0.271437   0.206912    0.55537 
  0.272276   0.207377   0.554266 
  0.273115   0.207841   0.553163 
  0.273953   0.208305   0.552061 
  0.274792   0.208767   0.550961 
  0.275631   0.209229   0.549863 
  0.276469    0.20969   0.548766 
  0.277308   0.210149    0.54767 
  0.278146   0.210608   0.546576 
  0.278985   0.211066   0.545484 
  0.279823   0.211523   0.544393 
  0.280662   0.211979   0.543303 
  0.281501   0.212434   0.542215 
  0.282339   0.212888   0.541128 
  0.283178   0.213342   0.540043 
  0.284016   0.213794   0.538959 
  0.284855   0.214245   0.537877 
  0.285693   0.214696   0.536796 
  0.286532   0.215146   0.535716 
   0.28737   0.215594   0.534638 
  0.288209   0.216042   0.533562 
  0.289047   0.216489   0.532486 
  0.289885   0.216935   0.531413 
  0.290724    0.21738    0.53034 
  0.291562   0.217824   0.529269 
  0.292401   0.218268     0.5282 
  0.293239    0.21871   0.527132 
  0.294078   0.219152   0.526065 
  0.294916   0.219592      0.525 
  0.295755   0.220032   0.523936 
  0.296593   0.220471   0.522874 
  0.297432   0.220909   0.521813 
   0.29827   0.221346   0.520753 
  0.299109   0.221782   0.519695 
  0.299947   0.222218   0.518638 
  0.300786   0.222652   0.517582 
  0.301625   0.223086   0.516528 
  0.302463   0.223518   0.515476 
  0.303302    0.22395   0.514424 
   0.30414   0.224381   0.513375 
  0.304979   0.224811   0.512326 
  0.305818   0.225241   0.511279 
  0.306656   0.225669   0.510233 
  0.307495   0.226096   0.509189 
  0.308334   0.226523   0.508146 
  0.309172   0.226949   0.507104 
  0.310011   0.227374   0.506064 
   0.31085   0.227798   0.505025 
  0.311689   0.228221   0.503987 
  0.312527   0.228643   0.502951 
  0.313366   0.229065   0.501916 
  0.314205   0.229485   0.500882 
  0.315044   0.229905    0.49985 
  0.315883   0.230324   0.498819 
  0.316722   0.230742    0.49779 
  0.317561   0.231159   0.496762 
    0.3184   0.231576   0.495735 
  0.319239   0.231991   0.494709 
  0.320078   0.232406   0.493685 
  0.320917    0.23282   0.492662 
  0.321756   0.233233   0.491641 
  0.322596   0.233645    0.49062 
  0.323435   0.234056   0.489601 
  0.324274   0.234467   0.488584 
  0.325114   0.234876   0.487567 
  0.325953   0.235285   0.486552 
  0.326792   0.235693   0.485539 
  0.327632     0.2361   0.484526 
  0.328472   0.236507   0.483515 
  0.329311   0.236912   0.482505 
  0.330151   0.237317   0.481497 
   0.33099   0.237721    0.48049 
   0.33183   0.238124   0.479484 
   0.33267   0.238526   0.478479 
   0.33351   0.238928   0.477476 
   0.33435   0.239328   0.476474 
   0.33519   0.239728   0.475473 
   0.33603   0.240127   0.474473 
   0.33687   0.240525   0.473475 
   0.33771   0.240922   0.472478 
   0.33855   0.241319   0.471483 
   0.33939   0.241715   0.470488 
  0.340231    0.24211   0.469495 
  0.341071   0.242504   0.468503 
  0.341912   0.242897   0.467512 
  0.342752    0.24329   0.466523 
  0.343593   0.243682   0.465535 
  0.344433   0.244072   0.464548 
  0.345274   0.244463   0.463562 
  0.346115   0.244852   0.462578 
  0.346956   0.245241   0.461595 
  0.347797   0.245628   0.460613 
  0.348638   0.246015   0.459632 
  0.349479   0.246401   0.458652 
   0.35032   0.246787   0.457674 
  0.351161   0.247171   0.456697 
  0.352003   0.247555   0.455721 
  0.352844   0.247938   0.454747 
  0.353686   0.248321   0.453773 
  0.354527   0.248702   0.452801 
  0.355369   0.249083    0.45183 
  0.356211   0.249463   0.450861 
  0.357053   0.249842   0.449892 
  0.357895    0.25022   0.448925 
  0.358737   0.250598   0.447959 
  0.359579   0.250975   0.446994 
  0.360421   0.251351    0.44603 
  0.361263   0.251726   0.445068 
  0.362106   0.252101   0.444107 
  0.362948   0.252474   0.443146 
  0.363791   0.252847   0.442188 
  0.364634    0.25322    0.44123 
  0.365477   0.253591   0.440273 
  0.366319   0.253962   0.439318 
  0.367162   0.254332   0.438364 
  0.368006   0.254701   0.437411 
  0.368849   0.255069   0.436459 
  0.369692   0.255437   0.435508 
  0.370536   0.255804   0.434559 
  0.371379    0.25617   0.433611 
  0.372223   0.256536   0.432663 
  0.373067     0.2569   0.431717 
  0.373911   0.257264   0.430773 
  0.374755   0.257628   0.429829 
  0.375599    0.25799   0.428886 
  0.376443   0.258352   0.427945 
  0.377287   0.258713   0.427005 
  0.378132   0.259073   0.426066 
  0.378977   0.259432   0.425128 
  0.379821   0.259791   0.424191 
  0.380666   0.260149   0.423255 
  0.381511   0.260506   0.422321 
  0.382356   0.260863   0.421388 
  0.383202   0.261219   0.420455 
  0.384047   0.261574   0.419524 
  0.384893   0.261928   0.418594 
  0.385738   0.262282   0.417665 
  0.386584   0.262634   0.416738 
   0.38743   0.262987   0.415811 
  0.388276   0.263338   0.414886 
  0.389122   0.263689   0.413961 
  0.389969   0.264039   0.413038 
  0.390815   0.264388   0.412116 
  0.391662   0.264736   0.411195 
  0.392509   0.265084   0.410275 
  0.393355   0.265431   0.409356 
  0.394203   0.265778   0.408438 
   0.39505   0.266123   0.407522 
  0.395897   0.266468   0.406606 
  0.396745   0.266812   0.405692 
  0.397592   0.267156   0.404778 
   0.39844   0.267499   0.403866 
  0.399288   0.267841   0.402955 
  0.400136   0.268182   0.402045 
  0.400985   0.268523   0.401136 
  0.401833   0.268863   0.400228 
  0.402682   0.269202   0.399321 
   0.40353   0.269541   0.398415 
  0.404379   0.269879   0.397511 
  0.405229   0.270216   0.396607 
  0.406078   0.270552   0.395705 
  0.406927   0.270888   0.394803 
  0.407777   0.271223   0.393903 
  0.408627   0.271557   0.393003 
  0.409477   0.271891   0.392105 
  0.410327   0.272224   0.391208 
  0.411177   0.272556   0.390312 
  0.412028   0.272888   0.389417 
  0.412878   0.273219   0.388523 
  0.413729   0.273549    0.38763 
   0.41458   0.273878   0.386738 
  0.415432   0.274207   0.385847 
  0.416283   0.274535   0.384957 
  0.417135   0.274863   0.384068 
  0.417986    0.27519    0.38318 
  0.418838   0.275516   0.382293 
  0.419691   0.275841   0.381408 
  0.420543   0.276166   0.380523 
  0.421395    0.27649   0.379639 
  0.422248   0.276813   0.378757 
  0.423101   0.277136   0.377875 
  0.423954   0.277458   0.376994 
  0.424808   0.277779   0.376115 
  0.425661     0.2781   0.375236 
  0.426515    0.27842   0.374359 
  0.427369   0.278739   0.373482 
  0.428223   0.279058   0.372607 
  0.429078   0.279376   0.371732 
  0.429932   0.279693   0.370859 
  0.430787    0.28001   0.369986 
  0.431642   0.280326   0.369115 
  0.432497   0.280641   0.368244 
  0.433353   0.280956   0.367375 
  0.434208    0.28127   0.366506 
  0.435064   0.281583   0.365639 
   0.43592   0.281896   0.364772 
  0.436777   0.282208   0.363907 
  0.437633   0.282519   0.363042 
   0.43849    0.28283   0.362179 
  0.439347    0.28314   0.361316 
  0.440204   0.283449   0.360454 
  0.441062   0.283758   0.359594 
  0.441919   0.284066   0.358734 
  0.442777   0.284373   0.357876 
  0.443636    0.28468   0.357018 
  0.444494   0.284986   0.356161 
  0.445353   0.285291   0.355305 
  0.446211   0.285596   0.354451 
  0.447071     0.2859   0.353597 
   0.44793   0.286204   0.352744 
   0.44879   0.286507   0.351892 
  0.449649   0.286809   0.351041 
   0.45051   0.287111   0.350191 
   0.45137   0.287412   0.349342 
  0.452231   0.287712   0.348494 
  0.453091   0.288011   0.347647 
  0.453953    0.28831   0.346801 
  0.454814   0.288609   0.345956 
  0.455676   0.288907   0.345111 
  0.456538   0.289204   0.344268 
    0.4574     0.2895   0.343426 
  0.458262   0.289796   0.342584 
  0.459125   0.290091   0.341744 
  0.459988   0.290386   0.340904 
  0.460851    0.29068   0.340066 
  0.461715   0.290973   0.339228 
  0.462578   0.291266   0.338391 
  0.463442   0.291558   0.337555 
  0.464307   0.291849    0.33672 
  0.465171    0.29214   0.335886 
  0.466036    0.29243   0.335053 
  0.466901   0.292719   0.334221 
  0.467767   0.293008    0.33339 
  0.468633   0.293297    0.33256 
  0.469499   0.293584    0.33173 
  0.470365   0.293871   0.330902 
  0.471232   0.294158   0.330074 
  0.472098   0.294443   0.329247 
  0.472966   0.294729   0.328422 
  0.473833   0.295013   0.327597 
  0.474701   0.295297   0.326773 
  0.475569    0.29558    0.32595 
  0.476437   0.295863   0.325127 
  0.477306   0.296145   0.324306 
  0.478175   0.296427   0.323486 
  0.479044   0.296707   0.322666 
  0.479914   0.296988   0.321848 
  0.480784   0.297267    0.32103 
  0.481654   0.297546   0.320213 
  0.482525   0.297825   0.319397 
  0.483395   0.298102   0.318582 
  0.484267    0.29838   0.317768 
  0.485138   0.298656   0.316955 
   0.48601   0.298932   0.316142 
  0.486882   0.299208   0.315331 
  0.487754   0.299482    0.31452 
  0.488627   0.299756    0.31371 
    0.4895    0.30003   0.312901 
  0.490374   0.300303   0.312093 
  0.491248   0.300575   0.311286 
  0.492122   0.300847   0.310479 
  0.492996   0.301118   0.309674 
  0.493871   0.301389   0.308869 
  0.494746   0.301659   0.308066 
  0.495621   0.301928   0.307263 
  0.496497   0.302197   0.306461 
  0.497373   0.302465    0.30566 
   0.49825   0.302733   0.304859 
  0.499127   0.302999    0.30406 
  0.500004   0.303266   0.303261 
  0.500882   0.303532   0.302463 
  0.501759   0.303797   0.301666 
  0.502638   0.304061    0.30087 
  0.503516   0.304325   0.300075 
  0.504395   0.304589    0.29928 
  0.505275   0.304852   0.298487 
  0.506154   0.305114   0.297694 
  0.507034   0.305375   0.296902 
  0.507915   0.305637   0.296111 
  0.508796   0.305897   0.295321 
  0.509677   0.306157   0.294531 
  0.510558   0.306416   0.293743 
   0.51144   0.306675   0.292955 
  0.512323   0.306933   0.292168 
  0.513205   0.307191   0.291382 
  0.514088   0.307448   0.290597 
  0.514972   0.307704   0.289812 
  0.515856    0.30796   0.289029 
   0.51674   0.308215   0.288246 
  0.517624    0.30847   0.287464 
  0.518509   0.308724   0.286682 
  0.519395   0.308977   0.285902 
  0.520281    0.30923   0.285122 
  0.521167   0.309482   0.284344 
  0.522053   0.309734   0.283566 
   0.52294   0.309985   0.282788 
  0.523828   0.310236   0.282012 
  0.524715   0.310486   0.281237 
  0.525604   0.310735   0.280462 
  0.526492   0.310984   0.279688 
  0.527381   0.311232   0.278915 
  0.528271    0.31148   0.278142 
  0.529161   0.311727   0.277371 
  0.530051   0.311974     0.2766 
  0.530941    0.31222    0.27583 
  0.531833   0.312465    0.27506 
  0.532724    0.31271   0.274292 
  0.533616   0.312955   0.273524 
  0.534508   0.313198   0.272757 
  0.535401   0.313442   0.271991 
  0.536295   0.313684   0.271226 
  0.537188   0.313926   0.270462 
  0.538082   0.314168   0.269698 
  0.538977   0.314409   0.268935 
  0.539872   0.314649   0.268173 
  0.540767   0.314889   0.267411 
  0.541663   0.315128    0.26665 
   0.54256   0.315367   0.265891 
  0.543456   0.315605   0.265131 
  0.544354   0.315842   0.264373 
  0.545251   0.316079   0.263615 
  0.546149   0.316316   0.262859 
  0.547048   0.316552   0.262103 
  0.547947   0.316787   0.261347 
  0.548847   0.317022   0.260593 
  0.549747   0.317256   0.259839 
  0.550647   0.317489   0.259086 
  0.551548   0.317723   0.258334 
  0.552449   0.317955   0.257582 
  0.553351   0.318187   0.256831 
  0.554253   0.318418   0.256081 
  0.555156   0.318649   0.255332 
   0.55606    0.31888   0.254583 
  0.556963   0.319109   0.253836 
  0.557868   0.319339   0.253089 
  0.558772   0.319567   0.252342 
  0.559678   0.319795   0.251597 
  0.560583   0.320023   0.250852 
  0.561489    0.32025   0.250108 
  0.562396   0.320476   0.249364 
  0.563303   0.320702   0.248622 
  0.564211   0.320927    0.24788 
  0.565119   0.321152   0.247139 
  0.566028   0.321376   0.246398 
  0.566937     0.3216   0.245659 
  0.567847   0.321823    0.24492 
  0.568757   0.322046   0.244182 
  0.569668   0.322268   0.243444 
  0.570579   0.322489   0.242707 
  0.571491    0.32271   0.241971 
  0.572403   0.322931   0.241236 
  0.573316   0.323151   0.240501 
  0.574229    0.32337   0.239767 
  0.575143   0.323589   0.239034 
  0.576058   0.323807   0.238302 
  0.576972   0.324025    0.23757 
  0.577888   0.324242   0.236839 
  0.578804   0.324458   0.236109 
   0.57972   0.324675   0.235379 
  0.580637    0.32489    0.23465 
  0.581555   0.325105   0.233922 
  0.582473   0.325319   0.233195 
  0.583392   0.325533   0.232468 
  0.584311   0.325747   0.231742 
  0.585231    0.32596   0.231016 
  0.586151   0.326172   0.230292 
  0.587072   0.326384   0.229568 
  0.587994   0.326595   0.228844 
  0.588916   0.326805   0.228122 
  0.589838   0.327016     0.2274 
  0.590761   0.327225   0.226679 
  0.591685   0.327434   0.225958 
  0.592609   0.327643   0.225239 
  0.593534   0.327851    0.22452 
   0.59446   0.328058   0.223801 
  0.595386   0.328265   0.223083 
  0.596312   0.328471   0.222366 
   0.59724   0.328677    0.22165 
  0.598167   0.328883   0.220934 
  0.599096   0.329087    0.22022 
  0.600025   0.329292   0.219505 
  0.600954   0.329495   0.218792 
  0.601884   0.329698   0.218079 
  0.602815   0.329901   0.217367 
  0.603746   0.330103   0.216655 
  0.604678   0.330305   0.215944 
  0.605611   0.330506   0.215234 
  0.606544   0.330706   0.214524 
  0.607478   0.330906   0.213816 
  0.608412   0.331106   0.213107 
  0.609347   0.331305     0.2124 
  0.610282   0.331503   0.211693 
  0.611219   0.331701   0.210987 
  0.612155   0.331898   0.210281 
  0.613093   0.332095   0.209577 
  0.614031   0.332291   0.208872 
   0.61497   0.332487   0.208169 
  0.615909   0.332682   0.207466 
  0.616849   0.332877   0.206764 
   0.61779   0.333071   0.206062 
  0.618731   0.333265   0.205362 
  0.619673   0.333458   0.204661 
  0.620615    0.33365   0.203962 
  0.621558   0.333842   0.203263 
  0.622502   0.334034   0.202565 
  0.623447   0.334225   0.201867 
  0.624392   0.334415    0.20117 
  0.625338   0.334605   0.200474 
  0.626284   0.334795   0.199779 
  0.627231   0.334984   0.199084 
  0.628179   0.335172   0.198389 
  0.629127    0.33536   0.197696 
  0.630076   0.335547   0.197003 
  0.631026   0.335734    0.19631 
  0.631977    0.33592   0.195619 
  0.632928   0.336106   0.194928 
   0.63388   0.336291   0.194237 
  0.634832   0.336476   0.193548 
  0.635785    0.33666   0.192858 
  0.636739   0.336844    0.19217 
  0.637694   0.337027   0.191482 
  0.638649   0.337209   0.190795 
  0.639605   0.337391   0.190108 
  0.640561   0.337573   0.189422 
  0.641519   0.337754   0.188737 
  0.642477   0.337934   0.188052 
  0.643436   0.338114   0.187368 
  0.644395   0.338294   0.186685 
  0.645355   0.338473   0.186002 
  0.646316   0.338651    0.18532 
  0.647278   0.338829   0.184639 
   0.64824   0.339006   0.183958 
  0.649203   0.339183   0.183278 
  0.650167   0.339359   0.182598 
  0.651131   0.339535   0.181919 
  0.652097    0.33971   0.181241 
  0.653062   0.339885   0.180563 
  0.654029   0.340059   0.179886 
  0.654997   0.340233   0.179209 
  0.655965   0.340406   0.178534 
  0.656934   0.340579   0.177858 
  0.657903   0.340751   0.177184 
  0.658874   0.340923    0.17651 
  0.659845   0.341094   0.175836 
  0.660817   0.341264   0.175164 
   0.66179   0.341434   0.174492 
  0.662763   0.341604    0.17382 
  0.663737   0.341773   0.173149 
  0.664712   0.341941   0.172479 
  0.665688   0.342109   0.171809 
  0.666664   0.342277    0.17114 
  0.667642   0.342444   0.170472 
   0.66862    0.34261   0.169804 
  0.669599   0.342776   0.169137 
  0.670578   0.342941    0.16847 
  0.671559   0.343106   0.167804 
   0.67254   0.343271   0.167139 
  0.673522   0.343434   0.166474 
  0.674505   0.343598    0.16581 
  0.675488    0.34376   0.165146 
  0.676473   0.343923   0.164483 
  0.677458   0.344084   0.163821 
  0.678444   0.344246   0.163159 
  0.679431   0.344406   0.162498 
  0.680418   0.344566   0.161838 
  0.681407   0.344726   0.161178 
  0.682396   0.344885   0.160518 
  0.683386   0.345044   0.159859 
  0.684377   0.345202   0.159201 
  0.685369   0.345359   0.158544 
  0.686361   0.345516   0.157887 
  0.687354   0.345673   0.157231 
  0.688349   0.345829   0.156575 
  0.689344   0.345984    0.15592 
   0.69034   0.346139   0.155265 
  0.691336   0.346294   0.154611 
  0.692334   0.346448   0.153958 
  0.693332   0.346601   0.153305 
  0.694332   0.346754   0.152653 
  0.695332   0.346906   0.152001 
  0.696333   0.347058    0.15135 
  0.697335    0.34721     0.1507 
  0.698337    0.34736    0.15005 
  0.699341   0.347511   0.149401 
  0.700345    0.34766   0.148752 
  0.701351    0.34781   0.148104 
  0.702357   0.347958   0.147457 
  0.703364   0.348106    0.14681 
  0.704372   0.348254   0.146164 
  0.705381   0.348401   0.145518 
  0.706391   0.348548   0.144873 
  0.707401   0.348694   0.144228 
  0.708413   0.348839   0.143584 
  0.709425   0.348985   0.142941 
  0.710439   0.349129   0.142298 
  0.711453   0.349273   0.141656 
  0.712468   0.349417   0.141015 
  0.713484   0.349559   0.140374 
  0.714501   0.349702   0.139733 
  0.715519   0.349844   0.139093 
  0.716538   0.349985   0.138454 
  0.717558   0.350126   0.137815 
  0.718578   0.350266   0.137177 
    0.7196   0.350406    0.13654 
  0.720623   0.350546   0.135903 
  0.721646   0.350684   0.135266 
   0.72267   0.350823    0.13463 
  0.723696    0.35096   0.133995 
  0.724722   0.351097   0.133361 
  0.725749   0.351234   0.132727 
  0.726778    0.35137   0.132093 
  0.727807   0.351506    0.13146 
  0.728837   0.351641   0.130828 
  0.729868   0.351776   0.130196 
    0.7309    0.35191   0.129565 
  0.731933   0.352043   0.128934 
  0.732967   0.352176   0.128304 
  0.734002   0.352309   0.127675 
  0.735038    0.35244   0.127046 
  0.736075   0.352572   0.126417 
  0.737113   0.352703    0.12579 
  0.738152   0.352833   0.125162 
  0.739191   0.352963   0.124536 
  0.740232   0.353092    0.12391 
  0.741274   0.353221   0.123284 
  0.742317   0.353349   0.122659 
  0.743361   0.353477   0.122035 
  0.744406   0.353604   0.121411 
  0.745452   0.353731   0.120788 
  0.746499   0.353857   0.120165 
  0.747547   0.353983   0.119543 
  0.748596   0.354108   0.118922 
  0.749646   0.354232   0.118301 
  0.750697   0.354356    0.11768 
  0.751749    0.35448   0.117061 
  0.752802   0.354603   0.116441 
  0.753856   0.354725   0.115823 
  0.754911   0.354847   0.115204 
  0.755967   0.354968   0.114587 
  0.757024   0.355089    0.11397 
  0.758083   0.355209   0.113353 
  0.759142   0.355329   0.112738 
  0.760202   0.355448   0.112122 
  0.761264   0.355567   0.111508 
  0.762326   0.355685   0.110893 
   0.76339   0.355803    0.11028 
  0.764455    0.35592   0.109667 
  0.765521   0.356036   0.109054 
  0.766587   0.356152   0.108442 
  0.767655   0.356268   0.107831 
  0.768724   0.356383    0.10722 
  0.769794   0.356497    0.10661 
  0.770866   0.356611      0.106 
  0.771938   0.356725   0.105391 
  0.773011   0.356837   0.104782 
  0.774086    0.35695   0.104174 
  0.775161   0.357061   0.103567 
  0.776238   0.357172    0.10296 
  0.777316   0.357283   0.102354 
  0.778395   0.357393   0.101748 
  0.779475   0.357503   0.101143 
  0.780556   0.357612   0.100538 
  0.781639    0.35772  0.0999341 
  0.782722   0.357828  0.0993305 
  0.783807   0.357936  0.0987276 
  0.784892   0.358043  0.0981251 
  0.785979   0.358149  0.0975233 
  0.787067   0.358255   0.096922 
  0.788156    0.35836  0.0963212 
  0.789247   0.358465  0.0957211 
  0.790338   0.358569  0.0951214 
  0.791431   0.358672  0.0945223 
  0.792525   0.358775  0.0939238 
   0.79362   0.358878  0.0933259 
  0.794716    0.35898  0.0927285 
  0.795813   0.359081  0.0921316 
  0.796912   0.359182  0.0915353 
  0.798012   0.359283  0.0909396 
  0.799113   0.359382  0.0903444 
  0.800215   0.359482  0.0897498 
  0.801318    0.35958  0.0891557 
  0.802423   0.359678  0.0885622 
  0.803528   0.359776  0.0879693 
  0.804635   0.359873  0.0873769 
  0.805743    0.35997   0.086785 
  0.806853   0.360066  0.0861938 
  0.807963   0.360161   0.085603 
  0.809075   0.360256  0.0850129 
  0.810188    0.36035  0.0844233 
  0.811302   0.360444  0.0838342 
  0.812418   0.360537  0.0832457 
  0.813535    0.36063  0.0826577 
  0.814653   0.360722  0.0820703 
  0.815772   0.360813  0.0814835 
  0.816892   0.360904  0.0808972 
  0.818014   0.360995  0.0803115 
  0.819137   0.361084  0.0797263 
  0.820261   0.361174  0.0791417 
  0.821387   0.361263  0.0785577 
  0.822514   0.361351  0.0779742 
  0.823642   0.361438  0.0773912 
  0.824771   0.361525  0.0768088 
  0.825902   0.361612   0.076227 
  0.827034   0.361698  0.0756457 
  0.828167   0.361783   0.075065 
  0.829301   0.361868  0.0744848 
  0.830437   0.361952  0.0739052 
  0.831574   0.362036  0.0733262 
  0.832713   0.362119  0.0727477 
  0.833852   0.362202  0.0721698 
  0.834994   0.362284  0.0715924 
  0.836136   0.362365  0.0710156 
   0.83728   0.362446  0.0704393 
  0.838425   0.362527  0.0698636 
  0.839571   0.362606  0.0692884 
  0.840719   0.362685  0.0687138 
  0.841868   0.362764  0.0681398 
  0.843018   0.362842  0.0675663 
   0.84417    0.36292  0.0669934 
  0.845323   0.362997   0.066421 
  0.846477   0.363073  0.0658492 
  0.847633   0.363149   0.065278 
   0.84879   0.363224  0.0647073 
  0.849949   0.363299  0.0641371 
  0.851109   0.363373  0.0635676 
   0.85227   0.363446  0.0629986 
  0.853433   0.363519  0.0624301 
  0.854597   0.363591  0.0618622 
  0.855763   0.363663  0.0612949 
  0.856929   0.363734  0.0607281 
  0.858098   0.363805  0.0601619 
  0.859267   0.363875  0.0595962 
  0.860438   0.363944  0.0590311 
  0.861611   0.364013  0.0584666 
  0.862785   0.364082  0.0579026 
   0.86396   0.364149  0.0573392 
  0.865137   0.364216  0.0567763 
  0.866315   0.364283  0.0562141 
  0.867495   0.364349  0.0556523 
  0.868676   0.364414  0.0550912 
  0.869859   0.364479  0.0545306 
  0.871043   0.364543  0.0539705 
  0.872228   0.364607   0.053411 
  0.873415    0.36467  0.0528521 
  0.874603   0.364733  0.0522938 
  0.875793   0.364795   0.051736 
  0.876984   0.364856  0.0511787 
  0.878177   0.364917  0.0506221 
  0.879371   0.364977   0.050066 
  0.880567   0.365036  0.0495105 
  0.881764   0.365095  0.0489555 
  0.882963   0.365154  0.0484011 
  0.884163   0.365211  0.0478473 
  0.885365   0.365268   0.047294 
  0.886569   0.365325  0.0467413 
  0.887773   0.365381  0.0461892 
   0.88898   0.365436  0.0456376 
  0.890187   0.365491  0.0450866 
  0.891397   0.365545  0.0445362 
  0.892608   0.365599  0.0439863 
   0.89382   0.365652   0.043437 
  0.895034   0.365704  0.0428883 
   0.89625   0.365756  0.0423401 
  0.897467   0.365807  0.0417925 
  0.898685   0.365858  0.0412455 
  0.899906   0.365908  0.0406991 
  0.901127   0.365957  0.0401532 
  0.902351   0.366006  0.0396079 
  0.903576   0.366054  0.0390632 
  0.904802   0.366102   0.038519 
   0.90603   0.366149  0.0379754 
   0.90726   0.366195  0.0374324 
  0.908491   0.366241    0.03689 
  0.909724   0.366286  0.0363481 
  0.910959   0.366331  0.0358068 
  0.912195   0.366375  0.0352661 
  0.913433   0.366418   0.034726 
  0.914672   0.366461  0.0341864 
  0.915913   0.366503  0.0336474 
  0.917156   0.366544   0.033109 
    0.9184   0.366585  0.0325712 
  0.919646   0.366625   0.032034 
  0.920893   0.366665  0.0314973 
  0.922143   0.366704  0.0309612 
  0.923393   0.366742  0.0304257 
  0.924646    0.36678  0.0298908 
    0.9259   0.366817  0.0293564 
  0.927156   0.366854  0.0288226 
  0.928414    0.36689  0.0282895 
  0.929673   0.366925  0.0277568 
  0.930934    0.36696  0.0272248 
  0.932196   0.366994  0.0266934 
  0.933461   0.367027  0.0261625 
  0.934727    0.36706  0.0256323 
  0.935995   0.367092  0.0251026 
  0.937264   0.367124  0.0245735 
  0.938535   0.367154   0.024045 
  0.939808   0.367185   0.023517 
  0.941083   0.367214  0.0229897 
  0.942359   0.367243   0.022463 
  0.943637   0.367272  0.0219368 
  0.944917   0.367299  0.0214112 
  0.946199   0.367327  0.0208863 
  0.947482   0.367353  0.0203619 
  0.948768   0.367379  0.0198381 
  0.950055   0.367404  0.0193149 
  0.951343   0.367429  0.0187922 
  0.952634   0.367453  0.0182702 
  0.953926   0.367476  0.0177488 
   0.95522   0.367498   0.017228 
  0.956516    0.36752  0.0167077 
  0.957814   0.367542  0.0161881 
  0.959113   0.367563   0.015669 
  0.960415   0.367583  0.0151506 
  0.961718   0.367602  0.0146328 
  0.963023   0.367621  0.0141155 
   0.96433   0.367639  0.0135989 
  0.965638   0.367656  0.0130828 
  0.966949   0.367673  0.0125674 
  0.968261   0.367689  0.0120525 
  0.969576   0.367705  0.0115383 
  0.970892    0.36772  0.0110246 
   0.97221   0.367734  0.0105116 
  0.973529   0.367747 0.00999916 
  0.974851    0.36776 0.00948733 
  0.976175   0.367772 0.00897611 
    0.9775   0.367784 0.00846549 
  0.978828   0.367795 0.00795548 
  0.980157   0.367805 0.00744609 
  0.981488   0.367815  0.0069373 
  0.982821   0.367824 0.00642912 
  0.984157   0.367832 0.00592155 
  0.985494   0.367839 0.00541459 
  0.986832   0.367846 0.00490825 
  0.988173   0.367853 0.00440252 
  0.989516   0.367858  0.0038974 
  0.990861   0.367863  0.0033929 
  0.992208   0.367867 0.00288901 
  0.993557   0.367871 0.00238574 
  0.994907   0.367874 0.00188308 
   0.99626   0.367876 0.00138105 
  0.997615   0.367877 0.000879634 
  0.998971   0.367878 0.000378838 
   1.00033   0.367878 -0.000121337 
   1.00169   0.367878 -0.000620891 
   1.00305   0.367877 -0.00111982 
   1.00442   0.367875 -0.00161813 
   1.00578   0.367872 -0.00211581 
   1.00715   0.367869 -0.00261287 
   1.00852   0.367865 -0.0031093 
    1.0099   0.367861 -0.00360511 
   1.01127   0.367855 -0.00410029 
   1.01265   0.367849 -0.00459484 
   1.01403   0.367843 -0.00508875 
   1.01541   0.367835 -0.00558204 
   1.01679   0.367827 -0.0060747 
   1.01818   0.367818 -0.00656672 
   1.01957   0.367809 -0.00705811 
   1.02095   0.367799 -0.00754887 
   1.02235   0.367788 -0.00803899 
   1.02374   0.367776 -0.00852848 
   1.02514   0.367764 -0.00901732 
   1.02653   0.367751 -0.00950553 
   1.02793   0.367738 -0.0099931 
   1.02934   0.367723   -0.01048 
   1.03074   0.367708 -0.0109663 
   1.03215   0.367692  -0.011452 
   1.03356   0.367676  -0.011937 
   1.03497   0.367659 -0.0124213 
   1.03638   0.367641  -0.012905 
   1.03779   0.367622 -0.0133881 
   1.03921   0.367603 -0.0138705 
   1.04063   0.367583 -0.0143523 
   1.04205   0.367562 -0.0148334 
   1.04348   0.367541 -0.0153139 
    1.0449   0.367519 -0.0157937 
   1.04633   0.367496 -0.0162729 
   1.04776   0.367472 -0.0167514 
    1.0492   0.367448 -0.0172292 
   1.05063   0.367423 -0.0177064 
   1.05207   0.367397  -0.018183 
   1.05351    0.36737 -0.0186589 
   1.05495   0.367343 -0.0191341 
   1.05639   0.367315 -0.0196087 
   1.05784   0.367286 -0.0200826 
   1.05929   0.367257 -0.0205558 
   1.06074   0.367227 -0.0210284 
   1.06219   0.367196 -0.0215003 
   1.06365   0.367164 -0.0219716 
   1.06511   0.367132 -0.0224422 
   1.06657   0.367099 -0.0229121 
   1.06803   0.367065 -0.0233813 
    1.0695    0.36703 -0.0238499 
   1.07096   0.366995 -0.0243178 
   1.07243   0.366959  -0.024785 
   1.07391   0.366922 -0.0252516 
   1.07538   0.366884 -0.0257175 
   1.07686   0.366846 -0.0261827 
   1.07834   0.366807 -0.0266472 
   1.07982   0.366767  -0.027111 
    1.0813   0.366727 -0.0275742 
   1.08279   0.366685 -0.0280367 
   1.08428   0.366643 -0.0284985 
   1.08577     0.3666 -0.0289596 
   1.08726   0.366557 -0.0294201 
   1.08876   0.366512 -0.0298798 
   1.09026   0.366467 -0.0303389 
   1.09176   0.366421 -0.0307972 
   1.09326   0.366375 -0.0312549 
   1.09477   0.366327 -0.0317119 
   1.09628   0.366279 -0.0321682 
   1.09779    0.36623 -0.0326238 
   1.09931    0.36618 -0.0330787 
   1.10082    0.36613  -0.033533 
   1.10234   0.366079 -0.0339865 
   1.10386   0.366026 -0.0344393 
   1.10539   0.365974 -0.0348914 
   1.10691    0.36592 -0.0353428 
   1.10844   0.365866 -0.0357935 
   1.10997    0.36581 -0.0362435 
   1.11151   0.365755 -0.0366929 
   1.11304   0.365698 -0.0371414 
   1.11458    0.36564 -0.0375893 
   1.11613   0.365582 -0.0380365 
   1.11767   0.365523  -0.038483 
   1.11922   0.365463 -0.0389287 
   1.12077   0.365402 -0.0393738 
   1.12232   0.365341 -0.0398181 
   1.12388   0.365279 -0.0402617 
   1.12543   0.365215 -0.0407046 
   1.12699   0.365152 -0.0411468 
   1.12856   0.365087 -0.0415882 
   1.13012   0.365021  -0.042029 
   1.13169   0.364955  -0.042469 
   1.13326   0.364888 -0.0429082 
   1.13484    0.36482 -0.0433468 
   1.13641   0.364751 -0.0437846 
   1.13799   0.364682 -0.0442217 
   1.13958   0.364612 -0.0446581 
   1.14116   0.364541 -0.0450937 
   1.14275   0.364469 -0.0455286 
   1.14434   0.364396 -0.0459628 
   1.14593   0.364322 -0.0463962 
   1.14753   0.364248 -0.0468289 
   1.14913   0.364173 -0.0472609 
   1.15073   0.364097 -0.0476921 
   1.15234    0.36402 -0.0481225 
   1.15394   0.363942 -0.0485522 
   1.15555   0.363863 -0.0489812 
   1.15717   0.363784 -0.0494094 
   1.15878   0.363704 -0.0498369 
    1.1604   0.363623 -0.0502637 
   1.16202   0.363541 -0.0506896 
   1.16365   0.363458 -0.0511148 
   1.16528   0.363375 -0.0515393 
   1.16691    0.36329  -0.051963 
   1.16854   0.363205  -0.052386 
   1.17018   0.363119 -0.0528082 
   1.17182   0.363032 -0.0532296 
   1.17346   0.362944 -0.0536503 
   1.17511   0.362856 -0.0540702 
   1.17675   0.362766 -0.0544893 
   1.17841   0.362676 -0.0549077 
   1.18006   0.362585 -0.0553253 
   1.18172   0.362493 -0.0557421 
   1.18338     0.3624 -0.0561581 
   1.18504   0.362306 -0.0565734 
   1.18671   0.362211 -0.0569879 
   1.18838   0.362116 -0.0574016 
   1.19005   0.362019 -0.0578146 
   1.19173   0.361922 -0.0582267 
   1.19341   0.361824 -0.0586381 
   1.19509   0.361725 -0.0590487 
   1.19677   0.361625 -0.0594585 
   1.19846   0.361524 -0.0598675 
   1.20015   0.361423 -0.0602758 
   1.20185    0.36132 -0.0606832 
   1.20355   0.361217 -0.0610898 
   1.20525   0.361113 -0.0614957 
   1.20695   0.361008 -0.0619007 
   1.20866   0.360901  -0.062305 
   1.21037   0.360795 -0.0627084 
   1.21208   0.360687 -0.0631111 
    1.2138   0.360578 -0.0635129 
   1.21552   0.360468  -0.063914 
   1.21725   0.360358 -0.0643142 
   1.21897   0.360246 -0.0647136 
    1.2207   0.360134 -0.0651122 
   1.22244   0.360021   -0.06551 
   1.22417   0.359907  -0.065907 
   1.22591   0.359792 -0.0663032 
   1.22766   0.359676 -0.0666985 
    1.2294   0.359559  -0.067093 
   1.23116   0.359441 -0.0674867 
   1.23291   0.359322 -0.0678796 
   1.23467   0.359203 -0.0682717 
   1.23643   0.359082 -0.0686629 
   1.23819   0.358961 -0.0690533 
   1.23996   0.358838 -0.0694428 
   1.24173   0.358715 -0.0698316 
    1.2435   0.358591 -0.0702195 
   1.24528   0.358466 -0.0706065 
   1.24706   0.358339 -0.0709927 
   1.24885   0.358212 -0.0713781 
   1.25064   0.358084 -0.0717626 
   1.25243   0.357955 -0.0721463 
   1.25422   0.357826 -0.0725291 
   1.25602   0.357695 -0.0729111 
   1.25783   0.357563 -0.0732922 
   1.25963    0.35743 -0.0736725 
   1.26144   0.357297 -0.0740519 
   1.26326   0.357162 -0.0744305 
   1.26507   0.357026 -0.0748082 
   1.26689    0.35689  -0.075185 
   1.26872   0.356752  -0.075561 
   1.27055   0.356614 -0.0759361 
   1.27238   0.356474 -0.0763104 
   1.27421   0.356334 -0.0766837 
   1.27605   0.356193 -0.0770562 
    1.2779    0.35605 -0.0774279 
   1.27974   0.355907 -0.0777986 
   1.28159   0.355763 -0.0781685 
   1.28345   0.355617 -0.0785375 
   1.28531   0.355471 -0.0789056 
   1.28717   0.355324 -0.0792728 
   1.28903   0.355175 -0.0796391 
    1.2909   0.355026 -0.0800046 
   1.29278   0.354876 -0.0803691 
   1.29465   0.354725 -0.0807328 
   1.29654   0.354572 -0.0810955 
   1.29842   0.354419 -0.0814574 
   1.30031   0.354265 -0.0818183 
    1.3022    0.35411 -0.0821784 
    1.3041   0.353954 -0.0825376 
     1.306   0.353796 -0.0828958 
   1.30791   0.353638 -0.0832531 
   1.30982   0.353479 -0.0836096 
   1.31173   0.353318 -0.0839651 
   1.31365   0.353157 -0.0843197 
   1.31557   0.352995 -0.0846733 
   1.31749   0.352831 -0.0850261 
   1.31942   0.352667 -0.0853779 
   1.32136   0.352502 -0.0857288 
   1.32329   0.352335 -0.0860788 
   1.32523   0.352168 -0.0864279 
   1.32718   0.351999  -0.086776 
   1.32913    0.35183 -0.0871232 
   1.33109   0.351659 -0.0874694 
   1.33304   0.351487 -0.0878147 
   1.33501   0.351315 -0.0881591 
   1.33697   0.351141 -0.0885025 
   1.33895   0.350966 -0.0888449 
   1.34092    0.35079 -0.0891864 
    1.3429   0.350613  -0.089527 
   1.34489   0.350435 -0.0898666 
   1.34688   0.350256 -0.0902053 
   1.34887   0.350076  -0.090543 
   1.35087   0.349895 -0.0908797 
   1.35287   0.349712 -0.0912155 
   1.35488   0.349529 -0.0915503 
   1.35689   0.349345 -0.0918841 
    1.3589   0.349159 -0.0922169 
   1.36092   0.348972 -0.0925488 
   1.36295   0.348785 -0.0928797 
   1.36498   0.348596 -0.0932096 
   1.36701   0.348406 -0.0935386 
   1.36905   0.348215 -0.0938665 
   1.37109   0.348023 -0.0941935 
   1.37314    0.34783 -0.0945195 
   1.37519   0.347636 -0.0948445 
   1.37725    0.34744 -0.0951685 
   1.37931   0.347244 -0.0954914 
   1.38137   0.347046 -0.0958134 
   1.38344   0.346847 -0.0961344 
   1.38552   0.346647 -0.0964544 
    1.3876   0.346446 -0.0967734 
   1.38969   0.346244 -0.0970913 
   1.39178   0.346041 -0.0974083 
   1.39387   0.345837 -0.0977242 
   1.39597   0.345631 -0.0980391 
   1.39807   0.345424  -0.098353 
   1.40018   0.345217 -0.0986658 
    1.4023   0.345008 -0.0989776 
   1.40442   0.344797 -0.0992884 
   1.40654   0.344586 -0.0995982 
   1.40867   0.344374 -0.0999069 
   1.41081    0.34416  -0.100215 
   1.41295   0.343945  -0.100521 
   1.41509    0.34373  -0.100827 
   1.41724   0.343512  -0.101131 
    1.4194   0.343294  -0.101435 
   1.42156   0.343075  -0.101737 
   1.42372   0.342854  -0.102039 
   1.42589   0.342632  -0.102339 
   1.42807   0.342409  -0.102638 
   1.43025   0.342185  -0.102936 
   1.43243    0.34196  -0.103233 
   1.43463   0.341733   -0.10353 
   1.43682   0.341506  -0.103824 
   1.43902   0.341277  -0.104118 
   1.44123   0.341046  -0.104411 
   1.44345   0.340815  -0.104703 
   1.44566   0.340582  -0.104993 
   1.44789   0.340349  -0.105283 
   1.45012   0.340114  -0.105571 
   1.45235   0.339877  -0.105859 
   1.45459    0.33964  -0.106145 
   1.45684   0.339401   -0.10643 
   1.45909   0.339161  -0.106714 
   1.46135    0.33892  -0.106997 
   1.46361   0.338677  -0.107279 
   1.46588   0.338434   -0.10756 
   1.46815   0.338189  -0.107839 
   1.47043   0.337943  -0.108118 
   1.47272   0.337695  -0.108395 
   1.47501   0.337446  -0.108671 
   1.47731   0.337196  -0.108946 
   1.47961   0.336945   -0.10922 
   1.48192   0.336692  -0.109493 
   1.48424   0.336439  -0.109764 
   1.48656   0.336184  -0.110035 
   1.48889   0.335927  -0.110304 
   1.49122   0.335669  -0.110572 
   1.49356    0.33541  -0.110839 
   1.49591    0.33515  -0.111105 
   1.49826   0.334889   -0.11137 
   1.50061   0.334626  -0.111633 
   1.50298   0.334361  -0.111896 
   1.50535   0.334096  -0.112157 
   1.50773   0.333829  -0.112417 
   1.51011   0.333561  -0.112675 
    1.5125   0.333291  -0.112933 
   1.51489   0.333021  -0.113189 
    1.5173   0.332748  -0.113445 
    1.5197   0.332475  -0.113699 
   1.52212     0.3322  -0.113952 
   1.52454   0.331924  -0.114203 
   1.52697   0.331646  -0.114453 
    1.5294   0.331367  -0.114703 
   1.53184   0.331087  -0.114951 
   1.53429   0.330805  -0.115197 
   1.53675   0.330522  -0.115443 
   1.53921   0.330238  -0.115687 
   1.54167   0.329952   -0.11593 
   1.54415   0.329665  -0.116172 
   1.54663   0.329376  -0.116413 
   1.54912   0.329086  -0.116652 
   1.55162   0.328795   -0.11689 
   1.55412   0.328502  -0.117127 
   1.55663   0.328208  -0.117362 
   1.55914   0.327912  -0.117597 
   1.56167   0.327615   -0.11783 
    1.5642   0.327316  -0.118061 
   1.56674   0.327017  -0.118292 
   1.56928   0.326715  -0.118521 
   1.57183   0.326412  -0.118749 
   1.57439   0.326108  -0.118976 
   1.57696   0.325802  -0.119201 
   1.57953   0.325495  -0.119425 
   1.58212   0.325187  -0.119648 
   1.58471   0.324877  -0.119869 
    1.5873   0.324565  -0.120089 
   1.58991   0.324252  -0.120308 
   1.59252   0.323937  -0.120525 
   1.59514   0.323621  -0.120742 
   1.59777   0.323304  -0.120956 
    1.6004   0.322985   -0.12117 
   1.60304   0.322664  -0.121382 
   1.60569   0.322342  -0.121593 
   1.60835   0.322019  -0.121802 
   1.61102   0.321694   -0.12201 
   1.61369   0.321367  -0.122217 
   1.61638   0.321039  -0.122423 
   1.61907   0.320709  -0.122627 
   1.62177   0.320378  -0.122829 
   1.62447   0.320045  -0.123031 
   1.62719   0.319711   -0.12323 
   1.62991   0.319375  -0.123429 
   1.63264   0.319038  -0.123626 
   1.63538   0.318698  -0.123822 
   1.63813   0.318358  -0.124016 
   1.64089   0.318016  -0.124209 
   1.64366   0.317672    -0.1244 
   1.64643   0.317326  -0.124591 
   1.64921   0.316979  -0.124779 
   1.65201   0.316631  -0.124966 
   1.65481    0.31628  -0.125152 
   1.65762   0.315929  -0.125337 
   1.66044   0.315575  -0.125519 
   1.66326    0.31522  -0.125701 
    1.6661   0.314863  -0.125881 
   1.66895   0.314505  -0.126059 
    1.6718   0.314144  -0.126237 
   1.67466   0.313783  -0.126412 
   1.67754   0.313419  -0.126586 
   1.68042   0.313054  -0.126759 
   1.68331   0.312687   -0.12693 
   1.68621   0.312319    -0.1271 
   1.68912   0.311948  -0.127268 
   1.69205   0.311576  -0.127435 
   1.69498   0.311203    -0.1276 
   1.69792   0.310827  -0.127763 
   1.70087    0.31045  -0.127925 
   1.70383   0.310071  -0.128086 
    1.7068   0.309691  -0.128245 
   1.70977   0.309308  -0.128402 
   1.71276   0.308924  -0.128558 
   1.71576   0.308538  -0.128713 
   1.71877   0.308151  -0.128866 
   1.72179   0.307761  -0.129017 
   1.72483    0.30737  -0.129167 
   1.72787   0.306977  -0.129315 
   1.73092   0.306582  -0.129461 
   1.73398   0.306185  -0.129606 
   1.73705   0.305787  -0.129749 
   1.74014   0.305387  -0.129891 
   1.74323   0.304984  -0.130031 
   1.74634    0.30458  -0.130169 
   1.74945   0.304175  -0.130306 
   1.75258   0.303767  -0.130441 
   1.75572   0.303357  -0.130575 
   1.75887   0.302946  -0.130707 
   1.76203   0.302532  -0.130837 
    1.7652   0.302117  -0.130966 
   1.76839     0.3017  -0.131093 
   1.77158   0.301281  -0.131218 
   1.77479    0.30086  -0.131341 
   1.77801   0.300437  -0.131463 
   1.78124   0.300012  -0.131583 
   1.78448   0.299585  -0.131702 
   1.78774   0.299156  -0.131818 
   1.79101   0.298725  -0.131933 
   1.79429   0.298292  -0.132047 
   1.79758   0.297857  -0.132158 
   1.80088   0.297421  -0.132268 
    1.8042   0.296982  -0.132376 
   1.80753   0.296541  -0.132482 
   1.81087   0.296098  -0.132586 
   1.81422   0.295653  -0.132689 
   1.81759   0.295206   -0.13279 
   1.82097   0.294757  -0.132889 
   1.82436   0.294306  -0.132986 
   1.82777   0.293853  -0.133082 
   1.83119   0.293397  -0.133175 
   1.83462    0.29294  -0.133267 
   1.83807    0.29248  -0.133357 
   1.84153   0.292019  -0.133445 
   1.84501   0.291555  -0.133531 
    1.8485   0.291089  -0.133615 
     1.852   0.290621  -0.133698 
   1.85551    0.29015  -0.133778 
   1.85905   0.289678  -0.133857 
   1.86259   0.289203  -0.133934 
   1.86615   0.288726  -0.134009 
   1.86972   0.288247  -0.134082 
   1.87331   0.287766  -0.134153 
   1.87692   0.287282  -0.134222 
   1.88054   0.286797  -0.134289 
   1.88417   0.286308  -0.134354 
   1.88782   0.285818  -0.134417 
   1.89148   0.285325  -0.134478 
   1.89516   0.284831  -0.134537 
   1.89886   0.284333  -0.134594 
   1.90257   0.283834  -0.134649 
    1.9063   0.283332  -0.134702 
   1.91004   0.282827  -0.134753 
    1.9138   0.282321  -0.134802 
   1.91757   0.281812  -0.134849 
   1.92136     0.2813  -0.134894 
   1.92517   0.280787  -0.134937 
     1.929    0.28027  -0.134977 
   1.93284   0.279752  -0.135016 
    1.9367    0.27923  -0.135052 
   1.94058   0.278707  -0.135086 
   1.94447   0.278181  -0.135118 
   1.94838   0.277652  -0.135148 
   1.95231   0.277121  -0.135176 
   1.95626   0.276588  -0.135201 
   1.96022   0.276052  -0.135225 
    1.9642   0.275513  -0.135246 
    1.9682   0.274972  -0.135265 
   1.97222   0.274428  -0.135282 
   1.97626   0.273882  -0.135296 
   1.98032   0.273333  -0.135308 
   1.98439   0.272782  -0.135318 
   1.98849   0.272227  -0.135326 
    1.9926   0.271671  -0.135331 
   1.99674   0.271111  -0.135334 
   2.00089   0.270549  -0.135335 
   2.00506   0.269984  -0.135333 
   2.00926   0.269417  -0.135329 
   2.01347   0.268847  -0.135323 
    2.0177   0.268274  -0.135314 
   2.02196   0.267698  -0.135303 
   2.02623    0.26712  -0.135289 
   2.03053   0.266539  -0.135273 
   2.03485   0.265955  -0.135255 
   2.03919   0.265368  -0.135234 
   2.04355   0.264778   -0.13521 
   2.04793   0.264186  -0.135184 
   2.05233   0.263591  -0.135156 
   2.05676   0.262992  -0.135125 
    2.0612   0.262391  -0.135091 
   2.06568   0.261788  -0.135055 
   2.07017   0.261181  -0.135017 
   2.07469   0.260571  -0.134976 
   2.07922   0.259958  -0.134932 
   2.08379   0.259343  -0.134885 
   2.08837   0.258724  -0.134836 
   2.09298   0.258103  -0.134785 
   2.09762   0.257478   -0.13473 
   2.10228   0.256851  -0.134673 
   2.10696    0.25622  -0.134614 
   2.11167   0.255587  -0.134551 
    2.1164    0.25495  -0.134486 
   2.12116   0.254311  -0.134418 
   2.12594   0.253668  -0.134348 
   2.13075   0.253022  -0.134274 
   2.13558   0.252374  -0.134198 
   2.14044   0.251722  -0.134119 
   2.14532   0.251067  -0.134037 
   2.15024   0.250408  -0.133952 
   2.15517   0.249747  -0.133865 
   2.16014   0.249083  -0.133774 
   2.16513   0.248415  -0.133681 
   2.17015   0.247744  -0.133584 
    2.1752   0.247071  -0.133485 
   2.18027   0.246394  -0.133383 
   2.18537   0.245713  -0.133278 
    2.1905    0.24503   -0.13317 
   2.19566   0.244343  -0.133059 
   2.20084   0.243654  -0.132945 
   2.20606   0.242961  -0.132827 
    2.2113   0.242265  -0.132707 
   2.21657   0.241565  -0.132584 
   2.22187   0.240863  -0.132458 
   2.22721   0.240157  -0.132328 
   2.23256   0.239448  -0.132196 
   2.23795   0.238736   -0.13206 
   2.24337   0.238021  -0.131921 
   2.24882   0.237303   -0.13178 
    2.2543   0.236581  -0.131634 
   2.25981   0.235856  -0.131486 
   2.26535   0.235129  -0.131335 
   2.27092   0.234398   -0.13118 
   2.27652   0.233663  -0.131023 
   2.28215   0.232926  -0.130862 
   2.28781   0.232186  -0.130697 
    2.2935   0.231443   -0.13053 
   2.29922   0.230696  -0.130359 
   2.30497   0.229947  -0.130186 
   2.31075   0.229194  -0.130008 
   2.31657   0.228439  -0.129828 
   2.32241   0.227681  -0.129645 
   2.32829    0.22692  -0.129458 
    2.3342   0.226156  -0.129268 
   2.34013   0.225389  -0.129074 
    2.3461   0.224619  -0.128878 
    2.3521   0.223847  -0.128678 
   2.35813   0.223071  -0.128475 
   2.36419   0.222294  -0.128268 
   2.37027   0.221513  -0.128059 
   2.37639    0.22073  -0.127846 
   2.38254   0.219945   -0.12763 
   2.38872   0.219157   -0.12741 
   2.39493   0.218367  -0.127188 
   2.40116   0.217574  -0.126962 
   2.40743    0.21678  -0.126733 
   2.41372   0.215983  -0.126502 
   2.42005   0.215184  -0.126266 
    2.4264   0.214382  -0.126028 
   2.43277   0.213579  -0.125787 
   2.43918   0.212775  -0.125543 
   2.44561   0.211968  -0.125295 
   2.45207    0.21116  -0.125045 
   2.45855    0.21035  -0.124791 
   2.46506   0.209538  -0.124535 
   2.47159   0.208726  -0.124276 
   2.47815   0.207911  -0.124014 
   2.48473   0.207096  -0.123749 
   2.49134    0.20628  -0.123481 
   2.49797   0.205462   -0.12321 
   2.50462   0.204644  -0.122937 
   2.51129   0.203825  -0.122661 
   2.51798   0.203005  -0.122383 
   2.52469   0.202184  -0.122102 
   2.53142   0.201364  -0.121818 
   2.53817   0.200542  -0.121532 
   2.54493   0.199721  -0.121243 
   2.55172     0.1989  -0.120952 
   2.55852   0.198078  -0.120659 
   2.56533   0.197257  -0.120363 
   2.57217   0.196435  -0.120066 
   2.57901   0.195615  -0.119766 
   2.58587   0.194794  -0.119464 
   2.59274   0.193974   -0.11916 
   2.59962   0.193155  -0.118854 
   2.60652   0.192337  -0.118546 
   2.61342    0.19152  -0.118237 
   2.62033   0.190703  -0.117925 
   2.62725   0.189888  -0.117612 
   2.63418   0.189074  -0.117297 
   2.64112   0.188262  -0.116981 
   2.64807    0.18745  -0.116663 
   2.65501   0.186641  -0.116343 
   2.66197   0.185833  -0.116023 
   2.66893   0.185027    -0.1157 
   2.67589   0.184222  -0.115377 
   2.68285    0.18342  -0.115052 
   2.68982   0.182619  -0.114727 
   2.69679   0.181821    -0.1144 
   2.70376   0.181025  -0.114072 
   2.71073   0.180231  -0.113743 
    2.7177   0.179439  -0.113413 
   2.72467    0.17865  -0.113082 
   2.73164   0.177863  -0.112751 
    2.7386   0.177079  -0.112419 
   2.74556   0.176298  -0.112086 
   2.75252   0.175519  -0.111752 
   2.75948   0.174743  -0.111418 
   2.76643   0.173969  -0.111083 
   2.77338   0.173199  -0.110748 
   2.78032   0.172431  -0.110413 
   2.78725   0.171666  -0.110077 
   2.79419   0.170905   -0.10974 
   2.80111   0.170146  -0.109404 
   2.80803    0.16939  -0.109067 
   2.81494   0.168638   -0.10873 
   2.82184   0.167888  -0.108392 
   2.82874   0.167142  -0.108055 
   2.83563   0.166399  -0.107717 
   2.84251   0.165658   -0.10738 
   2.84938   0.164922  -0.107042 
   2.85625   0.164188  -0.106704 
    2.8631   0.163458  -0.106367 
   2.86995   0.162731  -0.106029 
   2.87678   0.162007  -0.105692 
   2.88361   0.161286  -0.105354 
   2.89043   0.160569  -0.105017 
   2.89724   0.159855   -0.10468 
   2.90404   0.159145  -0.104344 
   2.91083   0.158437  -0.104007 
   2.91761   0.157733  -0.103671 
   2.92438   0.157033  -0.103335 
   2.93114   0.156335  -0.102999 
   2.93789   0.155641  -0.102664 
   2.94462   0.154951  -0.102329 
   2.95135   0.154263  -0.101995 
   2.95807   0.153579  -0.101661 
   2.96478   0.152898  -0.101327 
   2.97148   0.152221  -0.100994 
   2.97816   0.151547  -0.100661 
   2.98484   0.150876  -0.100328 
   2.99151   0.150208 -0.0999966 
   2.99816   0.149544 -0.0996652 
   3.00481   0.148883 -0.0993344 
   3.01144   0.148225 -0.0990041 
   3.01806    0.14757 -0.0986743 
   3.02468   0.146918 -0.0983451 
   3.03128    0.14627 -0.0980165 
   3.03788   0.145625 -0.0976884 
   3.04446   0.144983 -0.0973609 
   3.05103   0.144344  -0.097034 
   3.05759   0.143708 -0.0967078 
   3.06415   0.143076 -0.0963821 
   3.07069   0.142446 -0.0960571 
   3.07722    0.14182 -0.0957327 
   3.08375   0.141196 -0.0954089 
   3.09026   0.140576 -0.0950858 
   3.09676   0.139958 -0.0947634 
   3.10326   0.139344 -0.0944416 
   3.10974   0.138733 -0.0941205 
   3.11621   0.138125 -0.0938001 
   3.12268   0.137519 -0.0934803 
   3.12913   0.136917 -0.0931612 
   3.13558   0.136317 -0.0928429 
   3.14202   0.135721 -0.0925252 
   3.14845   0.135127 -0.0922082 
   3.15486   0.134536  -0.091892 
   3.16128   0.133948 -0.0915764 
   3.16768   0.133363 -0.0912616 
   3.17407    0.13278 -0.0909475 
   3.18045   0.132201 -0.0906341 
   3.18683   0.131624 -0.0903214 
    3.1932    0.13105 -0.0900094 
   3.19955   0.130478 -0.0896982 
   3.20591    0.12991 -0.0893877 
   3.21225   0.129344  -0.089078 
   3.21858    0.12878 -0.0887689 
   3.22491    0.12822 -0.0884606 
   3.23123   0.127662 -0.0881531 
   3.23754   0.127107 -0.0878463 
   3.24384   0.126554 -0.0875402 
   3.25014   0.126004 -0.0872349 
   3.25643   0.125456 -0.0869303 
   3.26271   0.124911 -0.0866265 
   3.26898   0.124368 -0.0863234 
   3.27525   0.123828 -0.0860211 
   3.28151   0.123291 -0.0857195 
   3.28776   0.122756 -0.0854186 
   3.29401   0.122223 -0.0851185 
   3.30024   0.121693 -0.0848192 
   3.30648   0.121165 -0.0845206 
    3.3127    0.12064 -0.0842227 
   3.31892   0.120117 -0.0839256 
   3.32514   0.119597 -0.0836293 
   3.33134   0.119079 -0.0833337 
   3.33754   0.118563 -0.0830388 
   3.34374   0.118049 -0.0827447 
   3.34993   0.117538 -0.0824513 
   3.35611   0.117029 -0.0821587 
   3.36229   0.116523 -0.0818668 
   3.36846   0.116018 -0.0815757 
   3.37462   0.115516 -0.0812853 
   3.38079   0.115016 -0.0809957 
   3.38694   0.114519 -0.0807068 
   3.39309   0.114023 -0.0804186 
   3.39924    0.11353 -0.0801312 
   3.40537   0.113039 -0.0798446 
   3.41151    0.11255 -0.0795586 
   3.41764   0.112063 -0.0792734 
   3.42376   0.111578  -0.078989 
   3.42988   0.111096 -0.0787053 
     3.436   0.110615 -0.0784223 
   3.44211   0.110137   -0.07814 
   3.44822   0.109661 -0.0778585 
   3.45432   0.109186 -0.0775777 
   3.46042   0.108714 -0.0772976 
   3.46651   0.108244 -0.0770183 
    3.4726   0.107776 -0.0767397 
   3.47869    0.10731 -0.0764618 
   3.48477   0.106845 -0.0761847 
   3.49085   0.106383 -0.0759083 
   3.49692   0.105923 -0.0756326 
   3.50299   0.105465 -0.0753576 
   3.50906   0.105008 -0.0750833 
   3.51513   0.104554 -0.0748097 
   3.52119   0.104101 -0.0745369 
   3.52724    0.10365 -0.0742648 
    3.5333   0.103202 -0.0739934 
   3.53935   0.102755 -0.0737227 
    3.5454    0.10231 -0.0734527 
   3.55144   0.101867 -0.0731834 
   3.55748   0.101425 -0.0729148 
   3.56352   0.100986  -0.072647 
   3.56956   0.100548 -0.0723798 
   3.57559   0.100112 -0.0721133 
   3.58162   0.099678 -0.0718476 
   3.58765  0.0992456 -0.0715825 
   3.59368  0.0988151 -0.0713181 
    3.5997  0.0983862 -0.0710545 
   3.60572  0.0979592 -0.0707915 
   3.61174  0.0975338 -0.0705292 
   3.61776  0.0971102 -0.0702676 
   3.62377  0.0966883 -0.0700067 
   3.62979  0.0962681 -0.0697464 
    3.6358  0.0958496 -0.0694869 
   3.64181  0.0954328  -0.069228 
   3.64782  0.0950177 -0.0689699 
   3.65382  0.0946042 -0.0687124 
   3.65983  0.0941923 -0.0684555 
   3.66583  0.0937822 -0.0681994 
   3.67183  0.0933736 -0.0679439 
   3.67783  0.0929667 -0.0676891 
   3.68383  0.0925613  -0.067435 
   3.68983  0.0921576 -0.0671815 
   3.69583  0.0917555 -0.0669287 
   3.70182  0.0913549 -0.0666766 
   3.70782   0.090956 -0.0664251 
   3.71381  0.0905586 -0.0661743 
   3.71981  0.0901627 -0.0659242 
    3.7258  0.0897684 -0.0656747 
   3.73179  0.0893757 -0.0654259 
   3.73778  0.0889844 -0.0651777 
   3.74377  0.0885947 -0.0649302 
   3.74976  0.0882065 -0.0646833 
   3.75575  0.0878198 -0.0644371 
   3.76174  0.0874346 -0.0641915 
   3.76773  0.0870509 -0.0639466 
   3.77372  0.0866687 -0.0637023 
   3.77971  0.0862879 -0.0634586 
    3.7857  0.0859086 -0.0632156 
   3.79169  0.0855307 -0.0629733 
   3.79767  0.0851543 -0.0627316 
   3.80366  0.0847794 -0.0624905 
   3.80965  0.0844058   -0.06225 
   3.81564  0.0840337 -0.0620102 
   3.82163   0.083663  -0.061771 
   3.82762  0.0832937 -0.0615325 
   3.83361  0.0829258 -0.0612945 
    3.8396  0.0825593 -0.0610572 
    3.8456  0.0821941 -0.0608206 
   3.85159  0.0818304 -0.0605845 
   3.85758   0.081468 -0.0603491 
   3.86358   0.081107 -0.0601142 
   3.86957  0.0807473   -0.05988 
   3.87557   0.080389 -0.0596465 
   3.88156   0.080032 -0.0594135 
   3.88756  0.0796763 -0.0591811 
   3.89356   0.079322 -0.0589494 
   3.89956   0.078969 -0.0587183 
   3.90556  0.0786173 -0.0584877 
   3.91156  0.0782669 -0.0582578 
   3.91757  0.0779178 -0.0580285 
   3.92357    0.07757 -0.0577998 
   3.92958  0.0772235 -0.0575716 
   3.93559  0.0768782 -0.0573441 
    3.9416  0.0765343 -0.0571172 
   3.94761  0.0761916 -0.0568909 
   3.95363  0.0758501 -0.0566652 
   3.95964  0.0755099   -0.05644 
   3.96566   0.075171 -0.0562155 
   3.97168  0.0748332 -0.0559915 
    3.9777  0.0744968 -0.0557682 
   3.98372  0.0741615 -0.0555454 
   3.98975  0.0738275 -0.0553232 
   3.99578  0.0734947 -0.0551016 
   4.00181   0.073163 -0.0548805 
   4.00784  0.0728326 -0.0546601 
   4.01387  0.0725034 -0.0544402 
   4.01991  0.0721754 -0.0542209 
   4.02595  0.0718486 -0.0540022 
   4.03199  0.0715229 -0.0537841 
   4.03804  0.0711984 -0.0535665 
   4.04409  0.0708751 -0.0533495 
   4.05014   0.070553 -0.0531331 
   4.05619   0.070232 -0.0529172 
   4.06225  0.0699121 -0.0527019 
   4.06831  0.0695934 -0.0524872 
   4.07437  0.0692759  -0.052273 
   4.08044  0.0689595 -0.0520594 
   4.08651  0.0686442 -0.0518464 
   4.09258    0.06833 -0.0516339 
   4.09865   0.068017  -0.051422 
   4.10473   0.067705 -0.0512106 
   4.11081  0.0673942 -0.0509998 
    4.1169  0.0670845 -0.0507896 
   4.12299  0.0667759 -0.0505799 
   4.12908  0.0664683 -0.0503707 
   4.13518  0.0661619 -0.0501621 
   4.14128  0.0658565 -0.0499541 
   4.14738  0.0655523 -0.0497466 
   4.15349   0.065249 -0.0495396 
    4.1596  0.0649469 -0.0493332 
   4.16572  0.0646458 -0.0491273 
   4.17184  0.0643458  -0.048922 
   4.17796  0.0640469 -0.0487172 
   4.18409  0.0637489 -0.0485129 
   4.19022  0.0634521 -0.0483092 
   4.19636  0.0631562  -0.048106 
    4.2025  0.0628615 -0.0479033 
   4.20864  0.0625677 -0.0477012 
   4.21479   0.062275 -0.0474996 
   4.22095  0.0619832 -0.0472986 
   4.22711  0.0616925  -0.047098 
   4.23327  0.0614029  -0.046898 
   4.23944  0.0611142 -0.0466986 
   4.24561  0.0608265 -0.0464996 
   4.25179  0.0605398 -0.0463012 
   4.25797  0.0602542 -0.0461033 
   4.26416  0.0599695 -0.0459059 
   4.27035  0.0596858  -0.045709 
   4.27655  0.0594031 -0.0455127 
   4.28276  0.0591213 -0.0453168 
   4.28897  0.0588406 -0.0451215 
   4.29518  0.0585608 -0.0449267 
    4.3014   0.058282 -0.0447324 
   4.30763  0.0580041 -0.0445386 
   4.31386  0.0577272 -0.0443454 
   4.32009  0.0574512 -0.0441526 
   4.32633  0.0571762 -0.0439604 
   4.33258  0.0569022 -0.0437686 
   4.33884  0.0566291 -0.0435774 
    4.3451  0.0563569 -0.0433867 
   4.35136  0.0560857 -0.0431964 
   4.35763  0.0558153 -0.0430067 
   4.36391   0.055546 -0.0428175 
   4.37019  0.0552775 -0.0426287 
   4.37648    0.05501 -0.0424405 
   4.38278  0.0547433 -0.0422528 
   4.38908  0.0544776 -0.0420655 
   4.39539  0.0542128 -0.0418788 
   4.40171  0.0539489 -0.0416926 
   4.40803  0.0536859 -0.0415068 
   4.41436  0.0534238 -0.0413215 
   4.42069  0.0531626 -0.0411367 
   4.42704  0.0529023 -0.0409525 
   4.43339  0.0526428 -0.0407687 
   4.43974  0.0523843 -0.0405853 
    4.4461  0.0521266 -0.0404025 
   4.45247  0.0518698 -0.0402202 
   4.45885  0.0516139 -0.0400383 
   4.46524  0.0513589 -0.0398569 
   4.47163  0.0511047  -0.039676 
   4.47803  0.0508514 -0.0394956 
   4.48444  0.0505989 -0.0393157 
   4.49085  0.0503473 -0.0391362 
   4.49727  0.0500965 -0.0389572 
    4.5037  0.0498466 -0.0387787 
   4.51014  0.0495976 -0.0386007 
   4.51658  0.0493493 -0.0384231 
   4.52304   0.049102  -0.038246 
    4.5295  0.0488554 -0.0380694 
   4.53597  0.0486097 -0.0378932 
   4.54244  0.0483648 -0.0377175 
   4.54893  0.0481208 -0.0375423 
   4.55542  0.0478776 -0.0373676 
   4.56193  0.0476352 -0.0371933 
   4.56844  0.0473936 -0.0370194 
   4.57496  0.0471528 -0.0368461 
   4.58148  0.0469128 -0.0366732 
   4.58802  0.0466737 -0.0365007 
   4.59457  0.0464354 -0.0363288 
   4.60112  0.0461978 -0.0361573 
   4.60768  0.0459611 -0.0359862 
   4.61426  0.0457251 -0.0358156 
   4.62084    0.04549 -0.0356454 
   4.62743  0.0452556 -0.0354757 
   4.63403   0.045022 -0.0353065 
   4.64064  0.0447893 -0.0351377 
   4.64725  0.0445573 -0.0349694 
   4.65388   0.044326 -0.0348015 
   4.66052  0.0440956 -0.0346341 
   4.66717  0.0438659 -0.0344671 
   4.67382   0.043637 -0.0343006 
   4.68049  0.0434089 -0.0341345 
   4.68717  0.0431815 -0.0339688 
   4.69386  0.0429549 -0.0338036 
   4.70055  0.0427291 -0.0336389 
   4.70726   0.042504 -0.0334746 
   4.71398  0.0422797 -0.0333107 
   4.72071  0.0420561 -0.0331473 
   4.72744  0.0418333 -0.0329843 
   4.73419  0.0416112 -0.0328217 
   4.74095  0.0413899 -0.0326596 
   4.74773  0.0411693 -0.0324979 
   4.75451  0.0409495 -0.0323367 
    4.7613  0.0407304 -0.0321759 
    4.7681   0.040512 -0.0320155 
   4.77492  0.0402944 -0.0318556 
   4.78174  0.0400775 -0.0316961 
   4.78858  0.0398613 -0.0315371 
   4.79543  0.0396458 -0.0313784 
   4.80229  0.0394311 -0.0312202 
   4.80916  0.0392171 -0.0310624 
   4.81605  0.0390038 -0.0309051 
   4.82294  0.0387912 -0.0307482 
   4.82985  0.0385794 -0.0305917 
   4.83677  0.0383682 -0.0304356 
    4.8437  0.0381578   -0.03028 
   4.85065   0.037948 -0.0301247 
    4.8576   0.037739   -0.02997 
   4.86457  0.0375307 -0.0298156 
   4.87156   0.037323 -0.0296616 
   4.87855  0.0371161 -0.0295081 
   4.88556  0.0369099  -0.029355 
   4.89258  0.0367043 -0.0292023 
   4.89961  0.0364995   -0.02905 
   4.90666  0.0362953 -0.0288982 
   4.91372  0.0360918 -0.0287467 
   4.92079   0.035889 -0.0285957 
   4.92788  0.0356869 -0.0284451 
   4.93498  0.0354855 -0.0282949 
   4.94209  0.0352847 -0.0281451 
   4.94922  0.0350847 -0.0279957 
   4.95636  0.0348853 -0.0278468 
   4.96352  0.0346865 -0.0276982 
   4.97069  0.0344885 -0.0275501 
   4.97787  0.0342911 -0.0274024 
   4.98507  0.0340943  -0.027255 
   4.99228  0.0338983 -0.0271081 
   4.99951  0.0337029 -0.0269616 
   5.00675  0.0335081 -0.0268155 
   5.01401   0.033314 -0.0266698 
   5.02128  0.0331206 -0.0265246 
   5.02857  0.0329278 -0.0263797 
   5.03588  0.0327357 -0.0262352 
   5.04319  0.0325442 -0.0260911 
   5.05053  0.0323534 -0.0259474 
   5.05788  0.0321632 -0.0258042 
   5.06524  0.0319736 -0.0256613 
   5.07263  0.0317847 -0.0255188 
   5.08002  0.0315965 -0.0253767 
   5.08744  0.0314088  -0.025235 
   5.09487  0.0312219 -0.0250938 
   5.10232  0.0310355 -0.0249529 
   5.10978  0.0308498 -0.0248124 
   5.11726  0.0306647 -0.0246723 
   5.12476  0.0304802 -0.0245326 
   5.13227  0.0302964 -0.0243933 
   5.13981  0.0301132 -0.0242544 
   5.14736  0.0299306 -0.0241158 
   5.15492  0.0297486 -0.0239777 
   5.16251  0.0295673   -0.02384 
   5.17011  0.0293866 -0.0237026 
   5.17773  0.0292065 -0.0235657 
   5.18537   0.029027 -0.0234291 
   5.19303  0.0288481 -0.0232929 
    5.2007  0.0286698 -0.0231571 
    5.2084  0.0284922 -0.0230217 
   5.21611  0.0283151 -0.0228867 
   5.22384  0.0281387 -0.0227521 
   5.23159  0.0279628 -0.0226178 
   5.23937  0.0277876  -0.022484 
   5.24716   0.027613 -0.0223505 
   5.25497  0.0274389 -0.0222174 
    5.2628  0.0272655 -0.0220847 
   5.27065  0.0270926 -0.0219524 
   5.27852  0.0269204 -0.0218204 
   5.28641  0.0267488 -0.0216888 
   5.29432  0.0265777 -0.0215577 
   5.30225  0.0264072 -0.0214268 
    5.3102  0.0262374 -0.0212964 
   5.31817  0.0260681 -0.0211664 
   5.32617  0.0258994 -0.0210367 
   5.33419  0.0257312 -0.0209074 
   5.34222  0.0255637 -0.0207785 
   5.35028  0.0253967 -0.0206499 
   5.35837  0.0252304 -0.0205218 
   5.36647  0.0250646  -0.020394 
    5.3746  0.0248994 -0.0202666 
   5.38275  0.0247347 -0.0201395 
   5.39092  0.0245706 -0.0200129 
   5.39911  0.0244072 -0.0198866 
   5.40733  0.0242442 -0.0197606 
   5.41558  0.0240819 -0.0196351 
   5.42384  0.0239201 -0.0195099 
   5.43213  0.0237589 -0.0193851 
   5.44045  0.0235982 -0.0192607 
   5.44878  0.0234381 -0.0191366 
   5.45715  0.0232786 -0.0190129 
   5.46553  0.0231197 -0.0188896 
   5.47395  0.0229613 -0.0187666 
   5.48239  0.0228034  -0.018644 
   5.49085  0.0226461 -0.0185218 
   5.49934  0.0224894 -0.0183999 
   5.50786  0.0223332 -0.0182784 
    5.5164  0.0221776 -0.0181573 
   5.52497  0.0220226 -0.0180366 
   5.53356   0.021868 -0.0179162 
   5.54218  0.0217141 -0.0177961 
   5.55083  0.0215607 -0.0176765 
   5.55951  0.0214078 -0.0175572 
   5.56822  0.0212555 -0.0174382 
   5.57695  0.0211037 -0.0173196 
   5.58571  0.0209525 -0.0172014 
    5.5945  0.0208018 -0.0170836 
   5.60332  0.0206517 -0.0169661 
   5.61217  0.0205021 -0.0168489 
   5.62104   0.020353 -0.0167322 
   5.62995  0.0202045 -0.0166158 
   5.63889  0.0200565 -0.0164997 
   5.64786  0.0199091  -0.016384 
   5.65686  0.0197622 -0.0162687 
   5.66588  0.0196158 -0.0161537 
   5.67494    0.01947 -0.0160391 
   5.68404  0.0193247 -0.0159248 
   5.69316  0.0191799 -0.0158109 
   5.70232  0.0190356 -0.0156974 
   5.71151  0.0188919 -0.0155842 
   5.72073  0.0187487 -0.0154714 
   5.72998  0.0186061 -0.0153589 
   5.73927  0.0184639 -0.0152468 
   5.74859  0.0183223  -0.015135 
   5.75795  0.0181812 -0.0150236 
   5.76734  0.0180407 -0.0149126 
   5.77677  0.0179006 -0.0148019 
   5.78623  0.0177611 -0.0146915 
   5.79573  0.0176221 -0.0145816 
   5.80526  0.0174836 -0.0144719 
   5.81483  0.0173456 -0.0143626 
   5.82443  0.0172082 -0.0142537 
   5.83408  0.0170713 -0.0141451 
   5.84376  0.0169349 -0.0140369 
   5.85348   0.016799  -0.013929 
   5.86324  0.0166636 -0.0138215 
   5.87303  0.0165287 -0.0137144 
   5.88287  0.0163943 -0.0136075 
   5.89274  0.0162605 -0.0135011 
   5.90266  0.0161271  -0.013395 
   5.91261  0.0159943 -0.0132892 
   5.92261   0.015862 -0.0131838 
   5.93265  0.0157302 -0.0130787 
   5.94273  0.0155989  -0.012974 
   5.95285  0.0154681 -0.0128696 
   5.96302  0.0153378 -0.0127656 
   5.97322   0.015208  -0.012662 
   5.98348  0.0150787 -0.0125587 
   5.99377  0.0149499 -0.0124557 
   6.00411  0.0148217 -0.0123531 
    6.0145  0.0146939 -0.0122508 
   6.02493  0.0145666 -0.0121489 
   6.03541  0.0144398 -0.0120473 
   6.04594  0.0143136 -0.0119461 
   6.05651  0.0141878 -0.0118452 
   6.06713  0.0140625 -0.0117447 
    6.0778  0.0139377 -0.0116445 
   6.08852  0.0138135 -0.0115447 
   6.09929  0.0136897 -0.0114452 
   6.11011  0.0135664 -0.0113461 
   6.12098  0.0134436 -0.0112473 
    6.1319  0.0133213 -0.0111488 
   6.14287  0.0131995 -0.0110508 
    6.1539  0.0130782  -0.010953 
   6.16498  0.0129574 -0.0108556 
   6.17611  0.0128371 -0.0107586 
    6.1873  0.0127172 -0.0106619 
   6.19855  0.0125979 -0.0105655 
   6.20985   0.012479 -0.0104695 
    6.2212  0.0123607 -0.0103738 
   6.23262  0.0122428 -0.0102785 
   6.24409  0.0121254 -0.0101835 
   6.25562  0.0120086 -0.0100889 
   6.26721  0.0118922 -0.00999464 
   6.27887  0.0117763 -0.00990071 
   6.29058  0.0116608 -0.00980713 
   6.30236  0.0115459 -0.0097139 
   6.31419  0.0114315 -0.00962102 
    6.3261  0.0113175 -0.00952848 
   6.33806   0.011204 -0.00943629 
    6.3501   0.011091 -0.00934444 
   6.36219  0.0109785 -0.00925295 
   6.37436  0.0108665 -0.0091618 
   6.38659   0.010755  -0.009071 
    6.3989  0.0106439 -0.00898054 
   6.41127  0.0105334 -0.00889044 
   6.42372  0.0104233 -0.00880068 
   6.43623  0.0103137 -0.00871128 
   6.44882  0.0102046 -0.00862222 
   6.46149   0.010096 -0.00853351 
   6.47422 0.00998786 -0.00844514 
   6.48704  0.0098802 -0.00835713 
   6.49993 0.00977303 -0.00826947 
    6.5129 0.00966634 -0.00818216 
   6.52595 0.00956013 -0.00809519 
   6.53908 0.00945441 -0.00800858 
   6.55229 0.00934917 -0.00792232 
   6.56559 0.00924441 -0.0078364 
   6.57897 0.00914014 -0.00775084 
   6.59243 0.00903635 -0.00766563 
   6.60599 0.00893304 -0.00758077 
   6.61963 0.00883021 -0.00749627 
   6.63336 0.00872787 -0.00741211 
   6.64718 0.00862601 -0.00732831 
   6.66109 0.00852463 -0.00724486 
    6.6751 0.00842373 -0.00716177 
    6.6892 0.00832332 -0.00707903 
    6.7034 0.00822339 -0.00699664 
    6.7177 0.00812394 -0.00691461 
    6.7321 0.00802498 -0.00683293 
    6.7466  0.0079265 -0.00675161 
    6.7612  0.0078285 -0.00667064 
   6.77591 0.00773099 -0.00659004 
   6.79072 0.00763396 -0.00650978 
   6.80564 0.00753742 -0.00642989 
   6.82068 0.00744136 -0.00635036 
   6.83582 0.00734578 -0.00627118 
   6.85108 0.00725069 -0.00619236 
   6.86646 0.00715609 -0.00611391 
   6.88195 0.00706197 -0.00603581 
   6.89756 0.00696834 -0.00595808 
    6.9133  0.0068752 -0.00588071 
   6.92916 0.00678254 -0.0058037 
   6.94515 0.00669037 -0.00572705 
   6.96127 0.00659869 -0.00565077 
   6.97751 0.00650749 -0.00557485 
    6.9939 0.00641679 -0.0054993 
   7.01041 0.00632657 -0.00542412 
   7.02707 0.00623685 -0.0053493 
   7.04387 0.00614762 -0.00527485 
   7.06081 0.00605888 -0.00520078 
    7.0779 0.00597063 -0.00512707 
   7.09514 0.00588287 -0.00505373 
   7.11254 0.00579561 -0.00498076 
   7.13009 0.00570884 -0.00490817 
   7.14779 0.00562257 -0.00483595 
   7.16566  0.0055368 -0.00476411 
    7.1837 0.00545152 -0.00469264 
   7.20191 0.00536674 -0.00462156 
   7.22028 0.00528246 -0.00455085 
   7.23884 0.00519868 -0.00448051 
   7.25757  0.0051154 -0.00441056 
   7.27649 0.00503263  -0.004341 
    7.2956 0.00495036 -0.00427181 
   7.31489 0.00486859 -0.00420301 
   7.33439 0.00478733 -0.0041346 
   7.35408 0.00470657 -0.00406657 
   7.37398 0.00462633 -0.00399894 
   7.39409 0.00454659 -0.00393169 
   7.41442 0.00446736 -0.00386484 
   7.43496 0.00438865 -0.00379838 
   7.45573 0.00431045 -0.00373231 
   7.47673 0.00423277 -0.00366664 
   7.49797 0.00415561 -0.00360137 
   7.51944 0.00407896 -0.0035365 
   7.54117 0.00400284 -0.00347203 
   7.56315 0.00392723 -0.00340797 
   7.58539 0.00385215 -0.00334431 
    7.6079  0.0037776 -0.00328106 
   7.63068 0.00370358 -0.00321822 
   7.65374 0.00363009 -0.00315579 
   7.67709 0.00355712 -0.00309378 
   7.70074  0.0034847 -0.00303218 
   7.72469 0.00341281  -0.002971 
   7.74896 0.00334146 -0.00291024 
   7.77355 0.00327065 -0.0028499 
   7.79847 0.00320038 -0.00278999 
   7.82373 0.00313067 -0.00273051 
   7.84934  0.0030615 -0.00267146 
   7.87531 0.00299288 -0.00261284 
   7.90166 0.00292482 -0.00255466 
   7.92839 0.00285731 -0.00249692 
   7.95551 0.00279037 -0.00243962 
   7.98305 0.00272399 -0.00238276 
     8.011 0.00265818 -0.00232636 
   8.03939 0.00259294 -0.0022704 
   8.06823 0.00252827 -0.0022149 
   8.09753 0.00246418 -0.00215986 
   8.12732 0.00240067 -0.00210529 
    8.1576 0.00233775 -0.00205117 
    8.1884 0.00227542 -0.00199753 
   8.21973 0.00221368 -0.00194436 
   8.25161 0.00215254 -0.00189167 
   8.28407   0.002092 -0.00183946 
   8.31712 0.00203207 -0.00178774 
   8.35079 0.00197276 -0.00173651 
    8.3851 0.00191406 -0.00168578 
   8.42008 0.00185598 -0.00163555 
   8.45576 0.00179853 -0.00158582 
   8.49216 0.00174171 -0.00153661 
   8.52931 0.00168554 -0.00148791 
   8.56726    0.00163 -0.00143974 
   8.60603 0.00157513 -0.00139209 
   8.64566 0.00152091 -0.00134498 
   8.68619 0.00146735 -0.00129841 
   8.72767 0.00141447 -0.00125239 
   8.77013 0.00136227 -0.00120693 
   8.81363 0.00131076 -0.00116203 
   8.85823 0.00125995 -0.0011177 
   8.90397 0.00120984 -0.00107395 
   8.95093 0.00116045 -0.00103079 
   8.99916 0.00111178 -0.000988226 
   9.04874 0.00106385 -0.000946266 
   9.09974 0.00101666 -0.000904923 
   9.15226 0.00097023 -0.000864205 
   9.20639 0.000924567 -0.000824125 
   9.26221 0.000879684 -0.000784693 
   9.31986 0.000835596 -0.000745921 
   9.37945 0.000792315 -0.000707823 
   9.44111 0.000749855 -0.000670412 
   9.50499 0.000708234 -0.000633702 
   9.57126 0.000667466 -0.000597709 
    9.6401 0.00062757 -0.000562447 
   9.71172 0.000588563 -0.000527936 
   9.78635 0.000550467 -0.000494193 
   9.86424 0.000513301 -0.000461237 
   9.94569 0.000477089 -0.00042909 
    10.031 0.000441855 -0.000397775 
   10.1207 0.000407625 -0.000367314 
    10.215 0.000374427 -0.000337735 
   10.3146 0.000342292 -0.000309066 
     10.42 0.000311253 -0.000281337 
   10.5319 0.000281345 -0.000254581 
   10.6511 0.000252607 -0.000228835 
   10.7787 0.000225083 -0.000204138 
   10.9158 0.000198818 -0.000180533 
   11.0639 0.000173863 -0.000158068 
   11.2248 0.000150276 -0.000136794 
   11.4007 0.000128118 -0.00011677 
   11.5947 0.000107458 -9.80591e-05 
   11.8104 8.83728e-05 -8.07311e-05 
    12.053 7.09477e-05 -6.4863e-05 
   12.3295 5.5277e-05 -5.05387e-05 
   12.6497 4.14661e-05 -3.78469e-05 
   13.0286 2.96326e-05 -2.68771e-05 
   13.4893 1.99117e-05 -1.7706e-05 
   14.0716 1.24771e-05 -1.03608e-05 
      14.5 9.02064e-06 -6.58152e-06 
