         1          1          1          1
     1.125   0.941743   0.941743   0.941743
      1.25   0.906402   0.906402   0.906402
     1.375   0.888914   0.888914   0.888914
       1.5   0.886227   0.886227   0.886227
     1.625   0.896574   0.896574   0.896574
      1.75   0.919063   0.919063   0.919063
     1.875   0.953446   0.953446   0.953446
         2          1          1          1
     2.125    1.05946    1.05946    1.05946
      2.25      1.133      1.133      1.133
     2.375    1.22226    1.22226    1.22226
       2.5    1.32934    1.32934    1.32934
     2.625    1.45693    1.45693    1.45693
      2.75    1.60836    1.60836    1.60836
     2.875    1.78771    1.78771    1.78771
         3          2          2          2
     3.125    2.25135    2.25135    2.25135
      3.25    2.54926    2.54926    2.54926
     3.375    2.90286    2.90286    2.90286
       3.5    3.32335    3.32335    3.32335
     3.625    3.82445    3.82445    3.82445
      3.75    4.42299    4.42299    4.42299
     3.875    5.13967    5.13967    5.13967
         4          6          6          6
     4.125    7.03548    7.03548    7.03548
      4.25    8.28509    8.28509    8.28509
     4.375    9.79715    9.79715    9.79715
       4.5    11.6317    11.6317    11.6317
     4.625    13.8636    13.8636    13.8636
      4.75    16.5862    16.5862    16.5862
     4.875    19.9162    19.9162    19.9162
         5         24         24         24
