  0  0.000000 
  5  0.000000 
 10  0.000000 
 15  0.000000 
 20  0.000000 
 25  0.000000 
 30  0.000000 
 35  0.000000 
 40  0.000000 
 45  0.000000 
 50  0.000000 
 55  0.000000 
 60  0.000000 
 65  0.015625 
 70  0.000000 
 75  0.000000 
 80  0.000000 
 85  0.000000 
 90  0.000000 
 95  0.015625 
100  0.015625 
105  0.000000 
110  0.015625 
115  0.015625 
120  0.000000 
125  0.015625 
130  0.015625 
135  0.015625 
140  0.031250 
145  0.031250 
150  0.015625 
155  0.031250 
160  0.015625 
165  0.031250 
170  0.031250 
175  0.031250 
180  0.031250 
185  0.046875 
190  0.046875 
195  0.046875 
200  0.046875 
205  0.046875 
210  0.062500 
215  0.062500 
220  0.062500 
225  0.078125 
230  0.078125 
235  0.078125 
240  0.109375 
245  0.109375 
250  0.109375 
255  0.156250 
260  0.109375 
265  0.125000 
270  0.140625 
275  0.140625 
280  0.156250 
285  0.171875 
290  0.156250 
295  0.187500 
300  0.203125 
305  0.218750 
310  0.218750 
315  0.218750 
320  0.250000 
325  0.250000 
330  0.265625 
335  0.296875 
340  0.296875 
345  0.296875 
350  0.359375 
355  0.359375 
360  0.359375 
365  0.406250 
370  0.406250 
375  0.421875 
380  0.578125 
385  0.484375 
390  0.515625 
395  0.500000 
