0 0 0 0
0.0196078 0.0121909 0.0243355 0.0363878
0.0392157 0.0243355 0.0483021 0.0715365
0.0588235 0.0363878 0.0715365 0.104249
0.0784314 0.0483021 0.0936865 0.133412
0.0980392 0.0600332 0.114416 0.158031
0.117647 0.0715365 0.133412 0.177269
0.137255 0.0827685 0.150385 0.19047
0.156863 0.0936865 0.165078 0.197185
0.176471 0.104249 0.177269 0.197185
0.196078 0.114416 0.186772 0.19047
0.215686 0.124149 0.193445 0.177269
0.235294 0.133412 0.197185 0.158031
0.254902 0.142168 0.197936 0.133412
0.27451 0.150385 0.195686 0.104249
0.294118 0.158031 0.19047 0.0715365
0.313725 0.165078 0.182366 0.0363878
0.333333 0.171499 0.171499 4.24291e-10
0.352941 0.177269 0.158031 -0.0363878
0.372549 0.182366 0.142168 -0.0715365
0.392157 0.186772 0.124149 -0.104249
0.411765 0.19047 0.104249 -0.133412
0.431373 0.193445 0.0827685 -0.158031
0.45098 0.195686 0.0600332 -0.177269
0.470588 0.197185 0.0363878 -0.19047
0.490196 0.197936 0.0121909 -0.197185
0.509804 0.197936 -0.0121909 -0.197185
0.529412 0.197185 -0.0363878 -0.19047
0.54902 0.195686 -0.0600332 -0.177269
0.568627 0.193445 -0.0827685 -0.158031
0.588235 0.19047 -0.104249 -0.133412
0.607843 0.186772 -0.124149 -0.104249
0.627451 0.182366 -0.142168 -0.0715365
0.647059 0.177269 -0.158031 -0.0363878
0.666667 0.171499 -0.171499 3.15603e-10
0.686275 0.165078 -0.182366 0.0363878
0.705882 0.158031 -0.19047 0.0715365
0.72549 0.150385 -0.195686 0.104249
0.745098 0.142168 -0.197936 0.133412
0.764706 0.133412 -0.197185 0.158031
0.784314 0.124149 -0.193445 0.177269
0.803922 0.114416 -0.186772 0.19047
0.823529 0.104249 -0.177269 0.197185
0.843137 0.0936865 -0.165078 0.197185
0.862745 0.0827685 -0.150385 0.19047
0.882353 0.0715365 -0.133412 0.177269
0.901961 0.0600332 -0.114416 0.158031
0.921569 0.0483021 -0.0936865 0.133412
0.941176 0.0363878 -0.0715365 0.104249
0.960784 0.0243355 -0.0483021 0.0715365
0.980392 0.0121909 -0.0243355 0.0363878
1 0 0 0
