0 0 0 0
0.0196078 0.0126237 0.0251996 0.0376799
0.0392157 0.0251996 0.0500172 0.0740766
0.0588235 0.0376799 0.0740766 0.107951
0.0784314 0.0500172 0.097013 0.138149
0.0980392 0.0621648 0.118479 0.163642
0.117647 0.0740766 0.138149 0.183563
0.137255 0.0857074 0.155724 0.197233
0.156863 0.097013 0.170939 0.204186
0.176471 0.107951 0.183563 0.204186
0.196078 0.118479 0.193404 0.197233
0.215686 0.128558 0.200313 0.183563
0.235294 0.138149 0.204186 0.163642
0.254902 0.147216 0.204964 0.138149
0.27451 0.155724 0.202634 0.107951
0.294118 0.163642 0.197233 0.0740766
0.313725 0.170939 0.188842 0.0376799
0.333333 0.177588 0.177588 2.51127e-17
0.352941 0.183563 0.163642 -0.0376799
0.372549 0.188842 0.147216 -0.0740766
0.392157 0.193404 0.128558 -0.107951
0.411765 0.197233 0.107951 -0.138149
0.431373 0.200313 0.0857074 -0.163642
0.45098 0.202634 0.0621648 -0.183563
0.470588 0.204186 0.0376799 -0.197233
0.490196 0.204964 0.0126237 -0.204186
0.509804 0.204964 -0.0126237 -0.204186
0.529412 0.204186 -0.0376799 -0.197233
0.54902 0.202634 -0.0621648 -0.183563
0.568627 0.200313 -0.0857074 -0.163642
0.588235 0.197233 -0.107951 -0.138149
0.607843 0.193404 -0.128558 -0.107951
0.627451 0.188842 -0.147216 -0.0740766
0.647059 0.183563 -0.163642 -0.0376799
0.666667 0.177588 -0.177588 -5.02255e-17
0.686275 0.170939 -0.188842 0.0376799
0.705882 0.163642 -0.197233 0.0740766
0.72549 0.155724 -0.202634 0.107951
0.745098 0.147216 -0.204964 0.138149
0.764706 0.138149 -0.204186 0.163642
0.784314 0.128558 -0.200313 0.183563
0.803922 0.118479 -0.193404 0.197233
0.823529 0.107951 -0.183563 0.204186
0.843137 0.097013 -0.170939 0.204186
0.862745 0.0857074 -0.155724 0.197233
0.882353 0.0740766 -0.138149 0.183563
0.901961 0.0621648 -0.118479 0.163642
0.921569 0.0500172 -0.097013 0.138149
0.941176 0.0376799 -0.0740766 0.107951
0.960784 0.0251996 -0.0500172 0.0740766
0.980392 0.0126237 -0.0251996 0.0376799
1 0 0 0
