         1   0.114903
     1.125   0.142164
      1.25   0.171091
     1.375   0.201226
       1.5   0.232088
     1.625   0.263181
      1.75   0.294003
     1.875   0.324052
         2   0.352834
     2.125   0.379868
      2.25   0.404698
     2.375   0.426893
       2.5   0.446059
     2.625   0.461844
      2.75   0.473939
     2.875   0.482089
         3   0.486091
     3.125     0.4858
      3.25   0.481132
     3.375   0.472062
       3.5   0.458629
     3.625   0.440931
      3.75   0.419128
     3.875   0.393437
         4   0.364128
     4.125   0.331526
      4.25   0.295998
     4.375   0.257957
       4.5   0.217849
     4.625    0.17615
      4.75   0.133358
     4.875  0.0899887
         5  0.0465651
     5.125 0.00361174
      5.25 -0.0383529
     5.375 -0.0788236
       5.5  -0.117315
     5.625  -0.153371
      5.75  -0.186565
     5.875  -0.216512
         6  -0.242873
     6.125  -0.265355
      6.25  -0.283721
     6.375  -0.297787
       6.5   -0.30743
     6.625  -0.312588
      6.75  -0.313256
     6.875  -0.309494
         7  -0.301417
     7.125  -0.289202
      7.25  -0.273078
     7.375  -0.253326
       7.5  -0.230273
     7.625  -0.204292
      7.75  -0.175788
     7.875  -0.145201
         8  -0.112992
     8.125  -0.079642
      8.25  -0.045643
     8.375   -0.01149
       8.5  0.0223247
     8.625  0.0553189
      8.75  0.0870272
     8.875   0.117008
         9   0.144847
     9.125   0.170169
      9.25   0.192635
     9.375   0.211953
       9.5   0.227879
     9.625    0.24022
      9.75   0.248839
     9.875   0.253651
        10    0.25463
    10.125   0.251807
     10.25   0.245264
    10.375   0.235142
      10.5   0.221629
    10.625   0.204963
     10.75   0.185424
    10.875   0.163334
        11   0.139048
    11.125   0.112949
     11.25  0.0854469
    11.375  0.0569641
      11.5  0.0279359
    11.625 -0.00119886
     11.75 -0.0300039
    11.875 -0.0580519
        12 -0.0849305
    12.125  -0.110249
     12.25  -0.133642
    12.375  -0.154778
      12.5  -0.173361
    12.625  -0.189137
     12.75  -0.201893
    12.875  -0.211468
        13  -0.217744
    13.125  -0.220659
     13.25  -0.220199
    13.375  -0.216401
      13.5  -0.209352
    13.625  -0.199188
     13.75  -0.186089
    13.875  -0.170279
        14   -0.15202
    14.125   -0.13161
     14.25  -0.109376
    14.375 -0.0856706
      14.5 -0.0608649
    14.625 -0.0353445
     14.75 -0.0095024
    14.875  0.0162666
        15  0.0415717
    15.125  0.0660322
     15.25  0.0892831
    15.375   0.110981
      15.5   0.130807
    15.625   0.148474
     15.75   0.163731
    15.875   0.176363
        16   0.186199
    16.125   0.193108
     16.25   0.197009
    16.375   0.197864
      16.5   0.195682
    16.625   0.190519
     16.75   0.182476
    16.875   0.171696
        17   0.158364
    17.125   0.142701
     17.25   0.124964
    17.375   0.105438
      17.5  0.0844338
    17.625  0.0622837
     17.75  0.0393341
    17.875  0.0159417
        18 -0.00753251
    18.125 -0.0307286
     18.25 -0.0532931
    18.375 -0.0748848
      18.5 -0.0951793
    18.625  -0.113874
     18.75  -0.130693
    18.875  -0.145391
        19  -0.157756
    19.125  -0.167613
     19.25  -0.174828
    19.375  -0.179305
      19.5  -0.180995
    19.625  -0.179888
     19.75  -0.176019
    19.875  -0.169464
        20  -0.160341
    20.125  -0.148806
     20.25   -0.13505
    20.375  -0.119298
      20.5  -0.101804
    20.625 -0.0828477
     20.75 -0.0627294
    20.875  -0.041765
        21 -0.0202819
    21.125 0.00138635
     21.25  0.0229054
    21.375   0.043945
      21.5  0.0641841
    21.625  0.0833159
     21.75   0.101052
    21.875   0.117127
        22   0.131304
    22.125   0.143374
     22.25   0.153163
    22.375   0.160533
      22.5   0.165384
    22.625   0.167655
     22.75   0.167324
    22.875   0.164412
        23   0.158976
    23.125   0.151115
     23.25   0.140961
    23.375   0.128685
      23.5   0.114486
    23.625  0.0985934
     23.75  0.0812612
    23.875  0.0627642
        24  0.0433938
    24.125  0.0234533
     24.25 0.00325331
    24.375 -0.0168931
      24.5 -0.0366753
    24.625 -0.0557897
     24.75 -0.0739447
    24.875 -0.0908648
        25  -0.106295
    25.125  -0.120004
     25.25  -0.131789
    25.375  -0.141477
      25.5  -0.148929
    25.625   -0.15404
     25.75  -0.156743
    25.875  -0.157008
        26  -0.154842
    26.125   -0.15029
     26.25  -0.143434
    26.375   -0.13439
      26.5  -0.123309
    26.625  -0.110372
     26.75 -0.0957864
    26.875  -0.079786
        27 -0.0626245
    27.125 -0.0445727
     27.25 -0.0259137
    27.375 -0.0069388
      27.5  0.0120571
    27.625  0.0307801
     27.75  0.0489419
    27.875   0.066264
        28  0.0824821
    28.125  0.0973503
     28.25   0.110645
    28.375   0.122166
      28.5   0.131744
    28.625   0.139239
     28.75   0.144543
    28.875   0.147585
        29   0.148327
    29.125   0.146767
     29.25   0.142939
    29.375   0.136912
      29.5   0.128788
    29.625   0.118703
     29.75    0.10682
    29.875  0.0933308
        30  0.0784512
    30.125  0.0624173
     30.25  0.0454821
    30.375  0.0279115
      30.5 0.00998029
    30.625 -0.00803232
     30.75  -0.025847
    30.875 -0.0431886
        31 -0.0597904
    31.125 -0.0753981
     31.25 -0.0897738
    31.375    -0.1027
      31.5  -0.113982
    31.625  -0.123451
     31.75  -0.130967
    31.875  -0.136423
        32  -0.139741
