        -4         -1
   -3.9875         -1
    -3.975         -1
   -3.9625         -1
     -3.95         -1
   -3.9375         -1
    -3.925         -1
   -3.9125         -1
      -3.9         -1
   -3.8875         -1
    -3.875         -1
   -3.8625         -1
     -3.85         -1
   -3.8375         -1
    -3.825         -1
   -3.8125         -1
      -3.8         -1
   -3.7875         -1
    -3.775         -1
   -3.7625         -1
     -3.75         -1
   -3.7375         -1
    -3.725         -1
   -3.7125         -1
      -3.7         -1
   -3.6875         -1
    -3.675         -1
   -3.6625         -1
     -3.65         -1
   -3.6375         -1
    -3.625         -1
   -3.6125         -1
      -3.6         -1
   -3.5875         -1
    -3.575         -1
   -3.5625         -1
     -3.55  -0.999999
   -3.5375  -0.999999
    -3.525  -0.999999
   -3.5125  -0.999999
      -3.5  -0.999999
   -3.4875  -0.999999
    -3.475  -0.999999
   -3.4625  -0.999999
     -3.45  -0.999999
   -3.4375  -0.999999
    -3.425  -0.999999
   -3.4125  -0.999999
      -3.4  -0.999998
   -3.3875  -0.999998
    -3.375  -0.999998
   -3.3625  -0.999998
     -3.35  -0.999998
   -3.3375  -0.999998
    -3.325  -0.999997
   -3.3125  -0.999997
      -3.3  -0.999997
   -3.2875  -0.999997
    -3.275  -0.999996
   -3.2625  -0.999996
     -3.25  -0.999996
   -3.2375  -0.999995
    -3.225  -0.999995
   -3.2125  -0.999994
      -3.2  -0.999994
   -3.1875  -0.999993
    -3.175  -0.999993
   -3.1625  -0.999992
     -3.15  -0.999992
   -3.1375  -0.999991
    -3.125   -0.99999
   -3.1125  -0.999989
      -3.1  -0.999988
   -3.0875  -0.999987
    -3.075  -0.999986
   -3.0625  -0.999985
     -3.05  -0.999984
   -3.0375  -0.999983
    -3.025  -0.999981
   -3.0125   -0.99998
        -3  -0.999978
   -2.9875  -0.999976
    -2.975  -0.999974
   -2.9625  -0.999972
     -2.95   -0.99997
   -2.9375  -0.999967
    -2.925  -0.999965
   -2.9125  -0.999962
      -2.9  -0.999959
   -2.8875  -0.999956
    -2.875  -0.999952
   -2.8625  -0.999948
     -2.85  -0.999944
   -2.8375   -0.99994
    -2.825  -0.999935
   -2.8125   -0.99993
      -2.8  -0.999925
   -2.7875  -0.999919
    -2.775  -0.999913
   -2.7625  -0.999906
     -2.75  -0.999899
   -2.7375  -0.999892
    -2.725  -0.999884
   -2.7125  -0.999875
      -2.7  -0.999866
   -2.6875  -0.999856
    -2.675  -0.999845
   -2.6625  -0.999834
     -2.65  -0.999822
   -2.6375  -0.999809
    -2.625  -0.999795
   -2.6125   -0.99978
      -2.6  -0.999764
   -2.5875  -0.999747
    -2.575  -0.999729
   -2.5625   -0.99971
     -2.55  -0.999689
   -2.5375  -0.999667
    -2.525  -0.999644
   -2.5125  -0.999619
      -2.5  -0.999593
   -2.4875  -0.999565
    -2.475  -0.999535
   -2.4625  -0.999503
     -2.45  -0.999469
   -2.4375  -0.999433
    -2.425  -0.999395
   -2.4125  -0.999355
      -2.4  -0.999311
   -2.3875  -0.999266
    -2.375  -0.999217
   -2.3625  -0.999165
     -2.35  -0.999111
   -2.3375  -0.999053
    -2.325  -0.998991
   -2.3125  -0.998926
      -2.3  -0.998857
   -2.2875  -0.998784
    -2.275  -0.998706
   -2.2625  -0.998624
     -2.25  -0.998537
   -2.2375  -0.998445
    -2.225  -0.998348
   -2.2125  -0.998246
      -2.2  -0.998137
   -2.1875  -0.998023
    -2.175  -0.997901
   -2.1625  -0.997774
     -2.15  -0.997639
   -2.1375  -0.997496
    -2.125  -0.997346
   -2.1125  -0.997188
      -2.1  -0.997021
   -2.0875  -0.996845
    -2.075  -0.996659
   -2.0625  -0.996464
     -2.05  -0.996258
   -2.0375  -0.996042
    -2.025  -0.995814
   -2.0125  -0.995574
        -2  -0.995322
   -1.9875  -0.995057
    -1.975  -0.994779
   -1.9625  -0.994487
     -1.95  -0.994179
   -1.9375  -0.993857
    -1.925  -0.993518
   -1.9125  -0.993163
      -1.9   -0.99279
   -1.8875    -0.9924
    -1.875   -0.99199
   -1.8625  -0.991561
     -1.85  -0.991111
   -1.8375   -0.99064
    -1.825  -0.990147
   -1.8125  -0.989631
      -1.8  -0.989091
   -1.7875  -0.988526
    -1.775  -0.987935
   -1.7625  -0.987317
     -1.75  -0.986672
   -1.7375  -0.985997
    -1.725  -0.985293
   -1.7125  -0.984558
      -1.7   -0.98379
   -1.6875   -0.98299
    -1.675  -0.982154
   -1.6625  -0.981284
     -1.65  -0.980376
   -1.6375  -0.979429
    -1.625  -0.978444
   -1.6125  -0.977417
      -1.6  -0.976348
   -1.5875  -0.975236
    -1.575  -0.974079
   -1.5625  -0.972875
     -1.55  -0.971623
   -1.5375  -0.970321
    -1.525  -0.968969
   -1.5125  -0.967564
      -1.5  -0.966105
   -1.4875   -0.96459
    -1.475  -0.963018
   -1.4625  -0.961387
     -1.45  -0.959695
   -1.4375  -0.957941
    -1.425  -0.956122
   -1.4125  -0.954237
      -1.4  -0.952285
   -1.3875  -0.950263
    -1.375   -0.94817
   -1.3625  -0.946004
     -1.35  -0.943762
   -1.3375  -0.941444
    -1.325  -0.939047
   -1.3125  -0.936569
      -1.3  -0.934008
   -1.2875  -0.931363
    -1.275  -0.928631
   -1.2625  -0.925811
     -1.25    -0.9229
   -1.2375  -0.919897
    -1.225    -0.9168
   -1.2125  -0.913606
      -1.2  -0.910314
   -1.1875  -0.906922
    -1.175  -0.903427
   -1.1625  -0.899829
     -1.15  -0.896124
   -1.1375  -0.892311
    -1.125  -0.888388
   -1.1125  -0.884354
      -1.1  -0.880205
   -1.0875  -0.875941
    -1.075  -0.871559
   -1.0625  -0.867058
     -1.05  -0.862436
   -1.0375  -0.857691
    -1.025  -0.852821
   -1.0125  -0.847825
        -1  -0.842701
   -0.9875  -0.837447
    -0.975  -0.832062
   -0.9625  -0.826543
     -0.95  -0.820891
   -0.9375  -0.815102
    -0.925  -0.809177
   -0.9125  -0.803112
      -0.9  -0.796908
   -0.8875  -0.790563
    -0.875  -0.784075
   -0.8625  -0.777444
     -0.85  -0.770668
   -0.8375  -0.763747
    -0.825  -0.756679
   -0.8125  -0.749464
      -0.8  -0.742101
   -0.7875  -0.734589
    -0.775  -0.726928
   -0.7625  -0.719117
     -0.75  -0.711156
   -0.7375  -0.703044
    -0.725  -0.694781
   -0.7125  -0.686367
      -0.7  -0.677801
   -0.6875  -0.669085
    -0.675  -0.660217
   -0.6625  -0.651198
     -0.65  -0.642029
   -0.6375   -0.63271
    -0.625  -0.623241
   -0.6125  -0.613623
      -0.6  -0.603856
   -0.5875  -0.593942
    -0.575  -0.583881
   -0.5625  -0.573674
     -0.55  -0.563323
   -0.5375  -0.552829
    -0.525  -0.542193
   -0.5125  -0.531416
      -0.5    -0.5205
   -0.4875  -0.509447
    -0.475  -0.498258
   -0.4625  -0.486936
     -0.45  -0.475482
   -0.4375  -0.463898
    -0.425  -0.452187
   -0.4125  -0.440351
      -0.4  -0.428392
   -0.3875  -0.416313
    -0.375  -0.404117
   -0.3625  -0.391806
     -0.35  -0.379382
   -0.3375  -0.366849
    -0.325  -0.354211
   -0.3125  -0.341469
      -0.3  -0.328627
   -0.2875  -0.315688
    -0.275  -0.302656
   -0.2625  -0.289535
     -0.25  -0.276326
   -0.2375  -0.263035
    -0.225  -0.249665
   -0.2125   -0.23622
      -0.2  -0.222703
   -0.1875  -0.209118
    -0.175  -0.195469
   -0.1625   -0.18176
     -0.15  -0.167996
   -0.1375   -0.15418
    -0.125  -0.140316
   -0.1125  -0.126409
      -0.1  -0.112463
   -0.0875 -0.0984818
    -0.075   -0.08447
   -0.0625  -0.070432
     -0.05  -0.056372
   -0.0375 -0.0422944
    -0.025 -0.0282036
   -0.0125  -0.014104
2.32279e-14 2.62099e-14
    0.0125   0.014104
     0.025  0.0282036
    0.0375  0.0422944
      0.05   0.056372
    0.0625   0.070432
     0.075    0.08447
    0.0875  0.0984818
       0.1   0.112463
    0.1125   0.126409
     0.125   0.140316
    0.1375    0.15418
      0.15   0.167996
    0.1625    0.18176
     0.175   0.195469
    0.1875   0.209118
       0.2   0.222703
    0.2125    0.23622
     0.225   0.249665
    0.2375   0.263035
      0.25   0.276326
    0.2625   0.289535
     0.275   0.302656
    0.2875   0.315688
       0.3   0.328627
    0.3125   0.341469
     0.325   0.354211
    0.3375   0.366849
      0.35   0.379382
    0.3625   0.391806
     0.375   0.404117
    0.3875   0.416313
       0.4   0.428392
    0.4125   0.440351
     0.425   0.452187
    0.4375   0.463898
      0.45   0.475482
    0.4625   0.486936
     0.475   0.498258
    0.4875   0.509447
       0.5     0.5205
    0.5125   0.531416
     0.525   0.542193
    0.5375   0.552829
      0.55   0.563323
    0.5625   0.573674
     0.575   0.583881
    0.5875   0.593942
       0.6   0.603856
    0.6125   0.613623
     0.625   0.623241
    0.6375    0.63271
      0.65   0.642029
    0.6625   0.651198
     0.675   0.660217
    0.6875   0.669085
       0.7   0.677801
    0.7125   0.686367
     0.725   0.694781
    0.7375   0.703044
      0.75   0.711156
    0.7625   0.719117
     0.775   0.726928
    0.7875   0.734589
       0.8   0.742101
    0.8125   0.749464
     0.825   0.756679
    0.8375   0.763747
      0.85   0.770668
    0.8625   0.777444
     0.875   0.784075
    0.8875   0.790563
       0.9   0.796908
    0.9125   0.803112
     0.925   0.809177
    0.9375   0.815102
      0.95   0.820891
    0.9625   0.826543
     0.975   0.832062
    0.9875   0.837447
         1   0.842701
    1.0125   0.847825
     1.025   0.852821
    1.0375   0.857691
      1.05   0.862436
    1.0625   0.867058
     1.075   0.871559
    1.0875   0.875941
       1.1   0.880205
    1.1125   0.884354
     1.125   0.888388
    1.1375   0.892311
      1.15   0.896124
    1.1625   0.899829
     1.175   0.903427
    1.1875   0.906922
       1.2   0.910314
    1.2125   0.913606
     1.225     0.9168
    1.2375   0.919897
      1.25     0.9229
    1.2625   0.925811
     1.275   0.928631
    1.2875   0.931363
       1.3   0.934008
    1.3125   0.936569
     1.325   0.939047
    1.3375   0.941444
      1.35   0.943762
    1.3625   0.946004
     1.375    0.94817
    1.3875   0.950263
       1.4   0.952285
    1.4125   0.954237
     1.425   0.956122
    1.4375   0.957941
      1.45   0.959695
    1.4625   0.961387
     1.475   0.963018
    1.4875    0.96459
       1.5   0.966105
    1.5125   0.967564
     1.525   0.968969
    1.5375   0.970321
      1.55   0.971623
    1.5625   0.972875
     1.575   0.974079
    1.5875   0.975236
       1.6   0.976348
    1.6125   0.977417
     1.625   0.978444
    1.6375   0.979429
      1.65   0.980376
    1.6625   0.981284
     1.675   0.982154
    1.6875    0.98299
       1.7    0.98379
    1.7125   0.984558
     1.725   0.985293
    1.7375   0.985997
      1.75   0.986672
    1.7625   0.987317
     1.775   0.987935
    1.7875   0.988526
       1.8   0.989091
    1.8125   0.989631
     1.825   0.990147
    1.8375    0.99064
      1.85   0.991111
    1.8625   0.991561
     1.875    0.99199
    1.8875     0.9924
       1.9    0.99279
    1.9125   0.993163
     1.925   0.993518
    1.9375   0.993857
      1.95   0.994179
    1.9625   0.994487
     1.975   0.994779
    1.9875   0.995057
         2   0.995322
    2.0125   0.995574
     2.025   0.995814
    2.0375   0.996042
      2.05   0.996258
    2.0625   0.996464
     2.075   0.996659
    2.0875   0.996845
       2.1   0.997021
    2.1125   0.997188
     2.125   0.997346
    2.1375   0.997496
      2.15   0.997639
    2.1625   0.997774
     2.175   0.997901
    2.1875   0.998023
       2.2   0.998137
    2.2125   0.998246
     2.225   0.998348
    2.2375   0.998445
      2.25   0.998537
    2.2625   0.998624
     2.275   0.998706
    2.2875   0.998784
       2.3   0.998857
    2.3125   0.998926
     2.325   0.998991
    2.3375   0.999053
      2.35   0.999111
    2.3625   0.999165
     2.375   0.999217
    2.3875   0.999266
       2.4   0.999311
    2.4125   0.999355
     2.425   0.999395
    2.4375   0.999433
      2.45   0.999469
    2.4625   0.999503
     2.475   0.999535
    2.4875   0.999565
       2.5   0.999593
    2.5125   0.999619
     2.525   0.999644
    2.5375   0.999667
      2.55   0.999689
    2.5625    0.99971
     2.575   0.999729
    2.5875   0.999747
       2.6   0.999764
    2.6125    0.99978
     2.625   0.999795
    2.6375   0.999809
      2.65   0.999822
    2.6625   0.999834
     2.675   0.999845
    2.6875   0.999856
       2.7   0.999866
    2.7125   0.999875
     2.725   0.999884
    2.7375   0.999892
      2.75   0.999899
    2.7625   0.999906
     2.775   0.999913
    2.7875   0.999919
       2.8   0.999925
    2.8125    0.99993
     2.825   0.999935
    2.8375    0.99994
      2.85   0.999944
    2.8625   0.999948
     2.875   0.999952
    2.8875   0.999956
       2.9   0.999959
    2.9125   0.999962
     2.925   0.999965
    2.9375   0.999967
      2.95    0.99997
    2.9625   0.999972
     2.975   0.999974
    2.9875   0.999976
         3   0.999978
    3.0125    0.99998
     3.025   0.999981
    3.0375   0.999983
      3.05   0.999984
    3.0625   0.999985
     3.075   0.999986
    3.0875   0.999987
       3.1   0.999988
    3.1125   0.999989
     3.125    0.99999
    3.1375   0.999991
      3.15   0.999992
    3.1625   0.999992
     3.175   0.999993
    3.1875   0.999993
       3.2   0.999994
    3.2125   0.999994
     3.225   0.999995
    3.2375   0.999995
      3.25   0.999996
    3.2625   0.999996
     3.275   0.999996
    3.2875   0.999997
       3.3   0.999997
    3.3125   0.999997
     3.325   0.999997
    3.3375   0.999998
      3.35   0.999998
    3.3625   0.999998
     3.375   0.999998
    3.3875   0.999998
       3.4   0.999998
    3.4125   0.999999
     3.425   0.999999
    3.4375   0.999999
      3.45   0.999999
    3.4625   0.999999
     3.475   0.999999
    3.4875   0.999999
       3.5   0.999999
    3.5125   0.999999
     3.525   0.999999
    3.5375   0.999999
      3.55   0.999999
    3.5625          1
     3.575          1
    3.5875          1
       3.6          1
    3.6125          1
     3.625          1
    3.6375          1
      3.65          1
    3.6625          1
     3.675          1
    3.6875          1
       3.7          1
    3.7125          1
     3.725          1
    3.7375          1
      3.75          1
    3.7625          1
     3.775          1
    3.7875          1
       3.8          1
    3.8125          1
     3.825          1
    3.8375          1
      3.85          1
    3.8625          1
     3.875          1
    3.8875          1
       3.9          1
    3.9125          1
     3.925          1
    3.9375          1
      3.95          1
    3.9625          1
     3.975          1
    3.9875          1
