0.0625 4.94796 4.97757 4.91834
0.1875 4.92654 4.95571 4.89736
0.3125 4.90511 4.93385 4.87638
0.4375 4.88369 4.91198 4.8554
0.5625 4.86227 4.89012 4.83442
0.6875 4.84085 4.86825 4.81344
0.8125 4.81942 4.84639 4.79246
0.9375 4.798 4.82452 4.77148
1.0625 4.77658 4.80266 4.7505
1.1875 4.75516 4.78079 4.72952
1.3125 4.73373 4.75893 4.70854
1.4375 4.71231 4.73707 4.68756
1.5625 4.69089 4.7152 4.66658
1.6875 4.66947 4.69334 4.64559
1.8125 4.64804 4.67147 4.62461
1.9375 4.62662 4.64961 4.60363
2.0625 4.6052 4.62774 4.58265
2.1875 4.58378 4.60588 4.56167
2.3125 4.56235 4.58402 4.54069
2.4375 4.54093 4.56215 4.51971
2.5625 4.51951 4.54029 4.49873
2.6875 4.49809 4.51842 4.47775
2.8125 4.47666 4.49656 4.45677
2.9375 4.45524 4.47469 4.43579
3.0625 4.43382 4.45283 4.41481
3.1875 4.4124 4.43096 4.39383
3.3125 4.39097 4.4091 4.37285
3.4375 4.36955 4.38724 4.35187
3.5625 4.34813 4.36537 4.33089
3.6875 4.32671 4.34351 4.30991
3.8125 4.30528 4.32164 4.28893
3.9375 4.28386 4.29978 4.26795
4.0625 4.26244 4.27791 4.24697
4.1875 4.24102 4.25605 4.22598
4.3125 4.21959 4.23419 4.205
4.4375 4.19817 4.21232 4.18402
4.5625 4.17675 4.19046 4.16304
4.6875 4.15533 4.16859 4.14206
4.8125 4.13391 4.14673 4.12108
4.9375 4.11248 4.12486 4.1001
5.0625 4.09106 4.103 4.07912
5.1875 4.06964 4.08113 4.05814
5.3125 4.04822 4.05927 4.03716
5.4375 4.02679 4.03741 4.01618
5.5625 4.00537 4.01554 3.9952
5.6875 3.98395 3.99368 3.97422
5.8125 3.96253 3.97181 3.95324
5.9375 3.9411 3.94995 3.93226
6.0625 3.91968 3.92808 3.91128
6.1875 3.89826 3.90622 3.8903
6.3125 3.87684 3.88436 3.86932
6.4375 3.85541 3.86249 3.84834
6.5625 3.83399 3.84063 3.82736
6.6875 3.81257 3.81876 3.80638
6.8125 3.79115 3.7969 3.78539
6.9375 3.76972 3.77503 3.76441
7.0625 3.7483 3.75317 3.74343
7.1875 3.72688 3.7313 3.72245
7.3125 3.70546 3.70944 3.70147
7.4375 3.68403 3.68758 3.68049
7.5625 3.66261 3.66571 3.65951
7.6875 3.64119 3.64385 3.63853
7.8125 3.61977 3.62198 3.61755
7.9375 3.59834 3.60012 3.59657
8.0625 3.57692 3.57825 3.57559
8.1875 3.5555 3.55639 3.55461
8.3125 3.53408 3.53453 3.53363
8.4375 3.51265 3.51266 3.51265
8.5625 3.49123 3.4908 3.49167
8.6875 3.46981 3.46893 3.47069
8.8125 3.44839 3.44707 3.44971
8.9375 3.42696 3.4252 3.42873
9.0625 3.40554 3.40334 3.40775
9.1875 3.38412 3.38147 3.38677
9.3125 3.3627 3.35961 3.36578
9.4375 3.34128 3.33775 3.3448
9.5625 3.31985 3.31588 3.32382
9.6875 3.29843 3.29402 3.30284
9.8125 3.27701 3.27215 3.28186
9.9375 3.25559 3.25029 3.26088
10.0625 3.23416 3.22842 3.2399
10.1875 3.21274 3.20656 3.21892
10.3125 3.19132 3.1847 3.19794
10.4375 3.1699 3.16283 3.17696
10.5625 3.14847 3.14097 3.15598
10.6875 3.12705 3.1191 3.135
10.8125 3.10563 3.09724 3.11402
10.9375 3.08421 3.07537 3.09304
11.0625 3.06278 3.05351 3.07206
11.1875 3.04136 3.03165 3.05108
11.3125 3.01994 3.00978 3.0301
11.4375 2.99852 2.98792 3.00912
11.5625 2.97709 2.96605 2.98814
11.6875 2.95567 2.94419 2.96716
11.8125 2.93425 2.92232 2.94618
11.9375 2.91283 2.90046 2.92519
12.0625 2.8914 2.87859 2.90421
12.1875 2.86998 2.85673 2.88323
12.3125 2.84856 2.83487 2.86225
12.4375 2.82714 2.813 2.84127
12.5625 2.80571 2.79114 2.82029
12.6875 2.78429 2.76927 2.79931
12.8125 2.76287 2.74741 2.77833
12.9375 2.74145 2.72554 2.75735
13.0625 2.72002 2.70368 2.73637
13.1875 2.6986 2.68182 2.71539
13.3125 2.67718 2.65995 2.69441
13.4375 2.65576 2.63809 2.67343
13.5625 2.63434 2.61622 2.65245
13.6875 2.61291 2.59436 2.63147
13.8125 2.59149 2.57249 2.61049
13.9375 2.57007 2.55063 2.58951
14.0625 2.54865 2.52876 2.56853
14.1875 2.52722 2.5069 2.54755
14.3125 2.5058 2.48504 2.52657
14.4375 2.48438 2.46317 2.50558
14.5625 2.46296 2.44131 2.4846
14.6875 2.44153 2.41944 2.46362
14.8125 2.42011 2.39758 2.44264
14.9375 2.39869 2.37571 2.42166
