0.125 1.13315 1.13315
0.25 1.28403 1.28403
0.375 1.45499 1.45499
0.5 1.64872 1.64872
0.625 1.86825 1.86825
0.75 2.117 2.117
0.875 2.39888 2.39888
1 2.71828 2.71828
1.125 3.08022 3.08022
1.25 3.49034 3.49034
1.375 3.95508 3.95508
1.5 4.48169 4.48169
1.625 5.07842 5.07842
1.75 5.7546 5.7546
1.875 6.52082 6.52082
2 7.38906 7.38906
2.125 8.3729 8.3729
2.25 9.48774 9.48774
2.375 10.751 10.751
2.5 12.1825 12.1825
2.625 13.8046 13.8046
2.75 15.6426 15.6426
2.875 17.7254 17.7254
3 20.0855 20.0855
3.125 22.7599 22.7599
3.25 25.7903 25.7903
3.375 29.2243 29.2243
3.5 33.1155 33.1155
3.625 37.5247 37.5247
3.75 42.5211 42.5211
3.875 48.1827 48.1827
4 54.5982 54.5982
4.125 61.8678 61.8678
4.25 70.1054 70.1054
4.375 79.4398 79.4398
4.5 90.0171 90.0171
4.625 102.003 102.003
4.75 115.584 115.584
4.875 130.974 130.974
5 148.413 148.413
5.125 168.174 168.174
5.25 190.566 190.566
5.375 215.94 215.94
5.5 244.692 244.692
5.625 277.272 277.272
5.75 314.191 314.191
5.875 356.025 356.025
6 403.429 403.429
6.125 457.145 457.145
6.25 518.013 518.013
6.375 586.985 586.985
6.5 665.142 665.142
6.625 753.704 753.704
6.75 854.059 854.059
6.875 967.775 967.775
7 1096.63 1096.63
7.125 1242.65 1242.65
7.25 1408.1 1408.1
7.375 1595.59 1595.59
7.5 1808.04 1808.04
7.625 2048.78 2048.78
7.75 2321.57 2321.57
7.875 2630.69 2630.69
8 2980.96 2980.96
8.125 3377.87 3377.87
8.25 3827.63 3827.63
8.375 4337.27 4337.27
8.5 4914.77 4914.77
8.625 5569.16 5569.16
8.75 6310.69 6310.69
8.875 7150.95 7150.95
9 8103.08 8103.08
9.125 9182 9182
9.25 10404.6 10404.6
9.375 11789.9 11789.9
9.5 13359.7 13359.7
9.625 15138.6 15138.6
9.75 17154.2 17154.2
9.875 19438.3 19438.3
10 22026.5 22026.5
