1000 0.6856016295170472840680986 0.007358772847372220538009202
6000 0.670186831135185956398459 0.003062214359093002030015596
11000 0.6653431411303089015873979 0.002242008928563499724206931
16000 0.6651364182481365183718935 0.001862098119596735474809424
21000 0.6682370487501586575618262 0.001611543144712048770961221
26000 0.6661186618458292407751742 0.001456693827294488347012802
31000 0.6655103878842411058158746 0.001337800307727289497033984
36000 0.6660897988154734772336951 0.001242856739275141836689742
41000 0.6692662256970911549558423 0.001158593951444336373618471
46000 0.6681466301440597277405686 0.001096990696486245140880977
51000 0.6673227153517237164592757 0.001041149148256789117722443
56000 0.6652098788673111995350951 0.001000800340128150511115335
61000 0.6669196929250094107999303 0.0009552237377983008054932457
66000 0.665488298883120221738352 0.0009192249412291751730144651
71000 0.6676716451648535555207786 0.0008824805286516070219893226
76000 0.6666596295455781140404383 0.0008546400533529813648564444
81000 0.6662077536586257231476793 0.0008293491147936849243113566
86000 0.6652116847019126089080032 0.000804585233709350614202116
91000 0.6673993962612821961855047 0.0007820234292423824864343151
96000 0.6672398828873439269315782 0.0007605471787110303300352698
101000 0.6666346945320499317588769 0.0007385864229713137414992663
106000 0.6668937291422553093056536 0.0007215372051883754732706788
111000 0.6662372290078072412100596 0.0007086320090469458649398704
116000 0.6671725855529849757985517 0.0006914556482070259232908249
121000 0.6671688727429152532266698 0.0006762630794981210578808994
126000 0.6665170900017277633153867 0.0006629935299469123756097022
131000 0.6667397769385363659466748 0.0006518272381899427097770583
136000 0.6658888245913698877842535 0.0006407651792741000766617798
141000 0.6665591196888126512831718 0.0006274365702610022526783395
146000 0.66615151538477901382862 0.0006166385604091719494293522
151000 0.6662029332294325811858471 0.0006083525399548156062379256
156000 0.6668026480001253419871432 0.0005961358252277688474576878
161000 0.6663465842596633104122361 0.0005867068667036962146404955
166000 0.6669993749236430291560396 0.0005798608088037395533534402
171000 0.6672562429519461879579012 0.0005701879606989653610435442
176000 0.6666808680557064770155762 0.000560779356842550590588059
181000 0.6666764863522159911823906 0.0005540054222659181876187162
186000 0.6669639062717584998551956 0.0005472246643981221484939748
191000 0.6665954747187455842194481 0.0005400096627338253239478116
196000 0.666450483351067157755665 0.0005329951999659062215550231
201000 0.666697760290758001389122 0.0005260485818254180198638714
206000 0.6661447492817228477335334 0.0005197693818349039766163466
211000 0.6663320910199092006465094 0.0005131972265973546625320023
216000 0.6673534964786850265383578 0.0005072896376450373176827946
221000 0.6665432399995459000763276 0.0005009658276847698144679244
226000 0.6669553975168071024981487 0.0004949362042844076062242387
231000 0.6670915818667764174421109 0.0004900482517456858019833099
236000 0.6667232312434838714665375 0.0004845842749842441772242796
241000 0.6658900217959504708176155 0.0004803117187950225563768114
246000 0.6668025178404044517321836 0.0004757895955803385814979201
251000 0.6671394904603208386717483 0.0004699948787426609392997578
256000 0.6669849135790280048041723 0.0004658807401660695532950862
261000 0.6669333473131761058638745 0.0004614800401773986866620081
266000 0.6661542688296093750466298 0.0004577732530459190400315417
271000 0.66679647449284773497169 0.0004538140535435943923904534
276000 0.6668097561189627597855178 0.0004493706763887915902125347
281000 0.6665701140100961374912458 0.0004439312139996475403865006
286000 0.6667647850081164229152364 0.0004399033162260463855619541
291000 0.6663519266351931591430002 0.000437037640780971940561439
296000 0.6660996776771016536500269 0.0004335296401891437648515315
