1000 1.348384644517774955119194 0.06910739921453101786141815
3500 1.301640545741537202673044 0.02590148087433962603709503
6000 1.385625314675566155386832 0.04384716042458341317411552
8500 1.35894713154513158137604 0.03407727370795258364788438
11000 1.398460120125386785261412 0.0436854955770168695838862
13500 1.411079530526043512850265 0.04264441585073171919750834
16000 1.392188679585415034267726 0.03611351146029093822642508
18500 1.387023315362747810652877 0.02558377875320996808206075
21000 1.378188321579905117886256 0.03139424565569422231892105
23500 1.420551069145660871839709 0.04524756367323318900774964
26000 1.395129154159725271000525 0.0294058601877600564455939
28500 1.355174907274981466187569 0.01712996607204930049617175
31000 1.374158750298107634080225 0.01931542702981431727793371
33500 1.368873607726138308393615 0.01844447824840591762529662
36000 1.363170115638665746971014 0.02253500268022785163468669
38500 1.383385472406674754353162 0.02692666754526683997594816
41000 1.345199893513207456408054 0.01539431767880738641252059
43500 1.422922628839458969451925 0.05228040619054278442812134
46000 1.64941224828592525319948 0.2004382242204987840672459
48500 1.385132839658320902387345 0.01598551655885864161699139
51000 1.377023137559666876583719 0.0161529677137136895570535
53500 1.386784088909900791719565 0.02384131971857192389130375
56000 1.360186708360118235106029 0.0120173832582662499374182
58500 1.424286946328363834268771 0.06281633265668759569244628
61000 1.398706393291167415782184 0.03659026249871847463746022
63500 1.374525258510303604708724 0.01607989162576061933918048
66000 1.372501670832977804792563 0.01594372762089401110441322
68500 1.382307404189266897276411 0.01737989924098040997457737
71000 1.364281339052008990009313 0.01350002942018988828787318
73500 1.400170117146169124211497 0.02700717110812675056386034
76000 1.397469574835389138911523 0.01525486752706653459377151
78500 1.426050394093695938835253 0.03352039555277922661113976
81000 1.407408992630936550582987 0.02205341453596891196364815
83500 1.388590185490800488210539 0.01378847364536334163531706
86000 1.403885341488609661553255 0.02099391817040263674698508
88500 1.371519798214953844706088 0.01297710615133450956504291
91000 1.378000153099282698576644 0.01569881709253096585543474
93500 1.512196929469718398308942 0.1154383622171511747378503
96000 1.40566309956666413150117 0.04192342504166077926663903
98500 1.357457568714074636062605 0.009585618334714239574534389
101000 1.369281511539297779833646 0.01184337761212647145703247
103500 1.386608924663486064332574 0.01472289192561409762460833
106000 1.391164036527643643736951 0.01607088361646932112014596
108500 1.370872205235908802833933 0.01246013534815758154461474
111000 1.411235088303501639117599 0.02299461809643356391408275
113500 1.396723864794374048159398 0.01674493988663280225059893
116000 1.369621102441922033676747 0.01335510107406767503490652
118500 1.370632138990750092943927 0.01161164357430773987067685
121000 1.384171541151559381432889 0.01363989801961856644652027
123500 1.350761385473875142437805 0.01054540240113997946747038
126000 1.389741083743631921976203 0.01804030995944058343716243
128500 1.373333004956934555451653 0.008987153629016487663139223
131000 1.36324040006308977446281 0.008430774190068228771122172
133500 1.406207718532785477805191 0.03781906553744573268316387
136000 1.379476830780775209461808 0.01960915104157296209863581
138500 1.376133298034581731172921 0.01247041614275251446286585
141000 1.393995088928584369369901 0.02472974675549955217435105
143500 1.368763309841381392573112 0.009950870323368022143939449
146000 1.36935020215820890676639 0.009299056819150585892486127
148500 1.385574963605348264295003 0.01096835391384008359660918
151000 1.373954452731964925860098 0.02130332869301234527403821
153500 1.377458310693186804840593 0.01172404813911682996963037
156000 1.387754818652909616361057 0.01230535174520299215861208
158500 1.548297795002268717468041 0.1823002437657725016695309
161000 1.356760016618316466718852 0.008055984800904305090374358
163500 1.440008973389195645609107 0.03774140967200172863682539
166000 1.377460774901921869428634 0.01115810852125322452654821
168500 1.398050630145510009327836 0.02196369749639686189124355
171000 1.372694458308183262928992 0.01163118356957011309549266
173500 1.381050190923128972997347 0.01159388225011544377995865
176000 1.379164495714101157375353 0.01130709032125283390601833
178500 1.372558539347535022656643 0.01077388025319014723535371
181000 1.439896150357778292772082 0.06225946671825963868451836
183500 1.397033790340269199248269 0.02145726500557023144755142
186000 1.395505549817336765627829 0.01621372359509122562659655
188500 1.371748063471321277262405 0.00872024322732951016889924
191000 1.417596149408134831304551 0.01611860650046380641353672
193500 1.375354436375273881054682 0.007664089167501558427786357
196000 1.410554358015858156250033 0.02434754967946467160699875
198500 1.376039676923069832170654 0.009602411959325315299329517
201000 1.404295786699554016152547 0.01443241398064752656349441
203500 1.421974656885162113795218 0.02554107988952424718176459
206000 1.381827677889451599924087 0.01257933008051777615254885
208500 1.392831944509353991890066 0.01162742901503574163846189
211000 1.367122847753594605535454 0.007667589894367734214275512
213500 1.402961297782486793650492 0.02590130986630650306024037
216000 1.367749218753213868993157 0.007925257340684938381358826
218500 1.369329189981781436102892 0.00836120380178276625948719
221000 1.36404105312175305542155 0.007502866841688007881749911
223500 1.369162973241660585799195 0.008494346970625253623321527
226000 1.395705465470999495636306 0.01033304228366576336950455
228500 1.38571063234024594024163 0.01120780444049093368952263
231000 1.390933208767718864962148 0.01326654752798894429388632
233500 1.384902189922243120889789 0.009089166673376470120815362
236000 1.38048731413474401463759 0.0177303058447159343768984
238500 1.396264719383919050699205 0.01326056977209886036939146
241000 1.363075765149047713364894 0.006834131788521162660654529
243500 1.366648593282604240428668 0.00919291221806778878489208
246000 1.411231287570788639484931 0.01316078390194684935576852
248500 1.402255494853442696623347 0.01755914725907319062780942
251000 1.397872553841615017589106 0.0291312772539309150499065
253500 1.414358696753879485186189 0.03338872780086164782087366
256000 1.393559937178725949280533 0.01675626013408106421143096
258500 1.387576222114266677465366 0.01286264707549840576039646
261000 1.390918246457464313436958 0.01061346899296073710561306
263500 1.395311743457620767827621 0.01717857310395678668846209
266000 1.366331885513314414737351 0.007947829144356042749275382
268500 1.364888149074061640675382 0.008969938409198401074728935
271000 1.394692138707869455416244 0.01672960767569694681689008
273500 1.368923495022424052791621 0.007658992723526571871905944
276000 1.410752447324779890180935 0.0446905423118343289590193
278500 1.439296900081101560076036 0.06323749099208643420499953
281000 1.37327126244960906475967 0.007588588246244191114209254
283500 1.40384993949889058661995 0.01203338775661958424956222
286000 1.396511465549192143598134 0.01396445845027681140204656
288500 1.389111746029491722964622 0.0146702969618244145888486
291000 1.416964432603980528213583 0.02862769723144722652796723
293500 1.372628795970332493681099 0.007211269811110378701035639
296000 1.384253691934665519980285 0.009333449613697662738953653
298500 1.368224680218581790214216 0.00726653044629122467357174
