1000 0.6654963714744956959634692 0.002251321332248035211875958
6000 0.6664029054878846114462476 0.0005138338722868729391279885
11000 0.6665031573842430390186564 0.0003173015483429741934173762
16000 0.6665909043555277024850625 0.0001500513078487308860076155
21000 0.6665797430515525423544432 0.0001762570718935041469421776
26000 0.666587492723667907057461 0.0001568448091616714279439293
31000 0.6666026813248471238892989 0.0001263507555875342802664818
36000 0.6666126681269064491175413 0.0001072968484479019934951793
41000 0.6666238560916546429524487 8.578810630588407093455316e-05
46000 0.6666205816301040698590441 9.035318364680744451788996e-05
51000 0.6666243513997738290299822 8.261001984843918677370311e-05
56000 0.6666315441400042507424928 6.953264457831842548785062e-05
61000 0.6666313797244436401001622 6.987289985704858708004394e-05
66000 0.6666420651907654093548672 4.848345670838138943281592e-05
71000 0.666632128835214388118402 6.767534876561676071560214e-05
76000 0.6666393220716677614490209 5.418706739945822192794367e-05
81000 0.6666390347035942021136634 5.42610399184573211073257e-05
86000 0.6666472941910754901329028 3.786226321178531861733063e-05
91000 0.6666420775988630698094539 4.79617757797035082489856e-05
96000 0.6666497773962746231646292 3.355015466510735677729826e-05
101000 0.6666432307203913332216416 4.679521732142699619316772e-05
106000 0.6666479286098063727905583 3.749530467123118882000199e-05
111000 0.6666446426849534923064766 4.33145065932283301890493e-05
116000 0.6666486064253753784925038 3.600701169226283582247561e-05
121000 0.6666467700555597231115712 3.9249529200757748981232e-05
126000 0.6666505798969908358486691 3.192079760816479705454185e-05
131000 0.666656301657745142819067 1.980225772924004701280865e-05
136000 0.6666524867351667493764467 2.819230424555563274680026e-05
141000 0.666649410946351217432948 3.405177054660590840740042e-05
146000 0.666650662051643916328203 3.170693928089551860693973e-05
151000 0.6666505039181545022586306 3.152937782935349986246365e-05
156000 0.6666527816947989126816765 2.756753746346873867878458e-05
161000 0.6666513095580903769388215 3.007966996459998654245283e-05
166000 0.6666536756795009566189947 2.574271340438638588921094e-05
171000 0.6666547560377307224399601 2.31947544032662378299392e-05
176000 0.6666561495623709587832195 2.086275479484811512520537e-05
181000 0.6666541361880100602377297 2.516255873763473260851242e-05
186000 0.6666530906125833766395772 2.693624779137593350242241e-05
191000 0.6666538649337772071135078 2.540527924588253938509297e-05
196000 0.6666571514246619756249856 1.874322907124970072345604e-05
201000 0.6666545225055693357774089 2.410160930532700973571991e-05
206000 0.666654475114982769667904 2.410970507682463903620373e-05
211000 0.6666558938727892291709054 2.126080738196201025402843e-05
216000 0.6666568791017679629362647 1.938640508580835586371904e-05
221000 0.6666561513246987979997016 2.073421933057595367699832e-05
226000 0.6666558181192616672205986 2.138713906707501166692964e-05
231000 0.666656010337703386348096 2.093642285649899292820919e-05
236000 0.6666574556899742542981357 1.817814527260708246103604e-05
241000 0.6666557317611565558479469 2.142416791472978587762555e-05
246000 0.6666592397951121018451204 1.463798103007452056090187e-05
251000 0.6666574443729640364608713 1.806629903622347654845726e-05
256000 0.6666618895068889827371095 9.531013427821477534962469e-06
261000 0.6666595618993111926897654 1.405298686296685417573826e-05
266000 0.6666596574628613769419871 1.395983144425461119908505e-05
271000 0.6666577639793362930475951 1.75721271536977141636271e-05
276000 0.666658929910419084663431 1.544053222668484437463121e-05
281000 0.6666573165615532481353966 1.840961597221468792895394e-05
286000 0.6666580645530795212749808 1.69859854898257722766175e-05
291000 0.6666584842098099983331849 1.606748323113027510089523e-05
296000 0.6666602589113109766927323 1.286209598783116803133453e-05
