1000 1.629250144772867336939726 0.01727623291235947516897298
3500 1.401567704372906453258452 0.005316858099668510251323283
6000 1.371449926297200194724724 0.002785335034219647842856915
8500 1.42222861681197909611285 0.001501328265543812323645767
11000 1.408946214683267417200341 0.002009150610117506341456561
13500 1.394315935909861137176335 0.0008352388356313647510553722
16000 1.387892671572239056132503 0.002650001050498701493651765
18500 1.387949988516484989276023 0.001812827604988416496656356
21000 1.381735905584912549315391 0.001424324874821442099559476
23500 1.376231109013800191220867 0.002031576820618989642763808
26000 1.37425749919944162336094 0.001516099795747578860005689
28500 1.373599776199835753587308 0.0009687123472424397085944747
31000 1.388097333630425422867916 0.0002681425549850083300817971
33500 1.390310532424688272357116 0.0002305873158779669918061472
36000 1.384499623515380806182407 0.000116027662651091434398154
38500 1.382091797488254281134346 0.0003221867345063397780613457
41000 1.383961484185497026189182 0.0001451447860937107869894191
43500 1.384352046656893264753307 0.0002202535380547709920051602
46000 1.380321853190262126886978 0.0001434735443582232927717257
48500 1.378687885794716017073824 0.0002546820109970981960145764
51000 1.397760417408472566336286 0.001478141625546873505481216
53500 1.394206259002049863582329 0.001424263472457595880449333
56000 1.391310210711736550237561 0.001038386942110822164231365
58500 1.390868769737153343157843 0.001082041215413505341746969
61000 1.388700476148519546981674 3.935325138832573843572504e-05
63500 1.386359667692323549559319 0.0001410864014613766315164867
66000 1.388756375563477307721882 7.334033525528693697737026e-05
68500 1.387192763071529721941033 5.350070288142466656822194e-05
71000 1.384555012828615483400085 7.510684892386015887311146e-05
73500 1.390254075760989138643708 0.0003041457040191333782708227
76000 1.389140538973843153058851 0.0004036136017020394706200648
78500 1.387207104350811404103183 0.000280321089120627586765977
81000 1.386073862435438508455832 0.0001136040956314435246277128
83500 1.38591195833506808376967 0.0002350988569816692130842739
86000 1.384127153240229279873574 0.000225266966603951401815209
88500 1.38462112865643871550958 9.094787572830331789930369e-05
91000 1.383939341586745364054423 0.0001768953362258768313708401
93500 1.382842840133003736724504 0.0001710507773275832255066575
96000 1.383836085379396063643753 0.0002578850536520266301110382
98500 1.383284466868967221842013 0.0003730858036787298992464912
101000 1.382017607056222674444257 0.0001953455356175776147509282
103500 1.380670469630306484987159 0.001012784852652597045175042
106000 1.38067287584486120266547 0.000875697505545884602451423
108500 1.381110743413353825204126 0.0008332108593806994423225376
111000 1.379722045864395507663858 0.0008159863485085530609985938
113500 1.378816452817405391328975 0.0007652227099928660125627289
116000 1.380275438306671098587231 0.0007035448653695611231917439
118500 1.378970820065877234128493 0.0006812174267854104181552088
121000 1.379129298679509396663434 0.0006921996755103326792735174
123500 1.379129841827062552539473 0.0005881110724961918778674885
126000 1.378187912304385642769944 0.000568126567118826253377506
128500 1.377853439561206094765566 0.0005905353476180347227497691
131000 1.378094511957045131822497 0.0006964616570939025086417473
133500 1.3773626640951559529924 0.0006550195207632447669254816
136000 1.381618018412056114740949 0.0003134106609595233017273586
138500 1.382540994697315062111898 0.0002739309667740760789733656
141000 1.382007102270069287541787 0.0002051349334421179171350502
143500 1.380972479173443678845956 0.0003421267785684092843645487
146000 1.380755396794578260255548 0.0006677201468314741816811875
148500 1.380970758071305315439758 0.0005723398846953359209166479
151000 1.379957523249041528856651 0.0005821496615114329920004366
153500 1.379655110319637278948335 0.0006063491711285201590797556
156000 1.379395680878923835521732 0.0005453019955363389015268183
158500 1.37888026180540768095284 0.0005100181874988091168532378
161000 1.379121460730518000659117 0.0004841608646926412462541123
163500 1.379373703069593837255979 0.0003766607256995777031072237
166000 1.378735914751925806243094 0.0003987302293929489982460268
168500 1.378324242497643403737584 0.0004651019027319264198538917
171000 1.377742732690619531510379 0.0004104212474522889175787554
173500 1.379192640076111198155218 0.000432313210557894178620586
176000 1.378235270291269465303685 0.0004283765807506639822221928
178500 1.378109322025266703093394 0.0003804793638438053182682097
181000 1.383642824474848209703737 2.461657958588436834190816e-05
183500 1.382758341450523564830632 1.761588395285396124734234e-05
186000 1.382211281966644778052 7.988605025292805361658566e-05
188500 1.382085413701909626382758 0.0002033968348987905128133491
191000 1.381532139074280962631747 0.0001671690280731219502285967
193500 1.380812993215101647237475 0.0001645671455165476082527221
196000 1.381683742333055020523602 0.0001102644643776462540785133
198500 1.381124459875750609683109 9.940924694563924024492962e-05
201000 1.381006971844352726463967 4.662916624689067424114342e-05
203500 1.382793617323168078314666 4.034947133539634744892055e-05
206000 1.382562437276856792678359 8.668635736479302078549836e-05
208500 1.381824846714930110636033 4.47602015778147954705446e-05
211000 1.381648601692522015937925 2.734164349402212756956487e-05
213500 1.381896457027872004985625 0.0001123551199303240988314201
216000 1.381226722505372928040401 7.117347608413121529125078e-05
218500 1.380981222506124650450943 7.022489535497833390564892e-06
221000 1.38060906221555357298314 3.331933835382799857782743e-05
223500 1.380623318651713615778931 7.965962592620945414978451e-05
226000 1.380645436466837683298081 9.753529995157328436050648e-05
228500 1.380425853080585962828764 0.0001436227846626711435185086
231000 1.380317771054716757817005 6.754210877412542002318219e-05
233500 1.380272267694509391589008 2.733880121612991542789928e-05
236000 1.379726220982757434185828 2.087495289955498822820346e-05
238500 1.379511468222974546193882 2.334083387726948455309639e-06
241000 1.378856691999976069595846 3.806024732573576319083486e-05
243500 1.378627764618832518550562 1.424590371774947517025112e-05
246000 1.379977336192583559082436 3.265426622263423173109231e-05
248500 1.379832789262201764302063 6.351463328858886203676093e-05
251000 1.379189399937478244240197 4.266502501498736776852638e-05
253500 1.379297279302332590589231 3.112523505044428873134166e-05
256000 1.379085144433631837657117 7.161828653018398327390059e-05
258500 1.378787989122882917669699 6.526829662133193377115958e-05
261000 1.37886450062518939319034 4.339212240431211675684153e-05
263500 1.378736541037412610677393 6.271560689796729093359318e-05
266000 1.386017393632033467554265 0.0005855074674148141866680817
268500 1.387239558467289635146358 0.0006502886597090640208307377
271000 1.387025032350847286721773 0.0006842575298124375926533958
273500 1.38634854767337722947218 0.0003334118776628647307092024
276000 1.386109511439158836765273 0.0002069598948397713411573307
278500 1.385879644333881666184993 0.0002318559835170069804988202
281000 1.385608921175074836895647 0.0002124732349671754061404272
283500 1.385058400444622916936055 0.0002099687993029203392225668
286000 1.38481518311775531060448 0.0002314894320234739399921864
288500 1.384784354617429436018483 0.0002347390891216660779861058
291000 1.384903600475132279257195 0.0002662067190080455447720453
293500 1.384641295535671279282042 0.0002722238629974602086569746
296000 1.384331418437838800983286 0.0002102083973579554898591937
298500 1.383852197568189223986224 0.0002027940290281679547312876
