  0 0.000000 
  5 0.000000 
 10 0.000000 
 15 0.000000 
 20 0.000000 
 25 0.000000 
 30 0.000000 
 35 0.000000 
 40 0.000000 
 45 0.000000 
 50 0.000000 
 55 0.000000 
 60 0.000000 
 65 0.000000 
 70 0.000000 
 75 0.000000 
 80 0.000000 
 85 0.000000 
 90 0.000000 
 95 0.000000 
100 0.000000 
105 0.000000 
110 0.015625 
115 0.000000 
120 0.000000 
125 0.015625 
130 0.000000 
135 0.015625 
140 0.015625 
145 0.015625 
150 0.015625 
155 0.015625 
160 0.015625 
165 0.015625 
170 0.015625 
175 0.015625 
180 0.015625 
185 0.015625 
190 0.031250 
195 0.031250 
200 0.031250 
205 0.031250 
210 0.031250 
215 0.031250 
220 0.046875 
225 0.046875 
230 0.046875 
235 0.046875 
240 0.046875 
245 0.046875 
250 0.046875 
255 0.078125 
260 0.062500 
265 0.062500 
270 0.078125 
275 0.078125 
280 0.078125 
285 0.093750 
290 0.078125 
295 0.093750 
300 0.093750 
305 0.093750 
310 0.109375 
315 0.125000 
320 0.125000 
325 0.125000 
330 0.125000 
335 0.140625 
340 0.140625 
345 0.156250 
350 0.171875 
355 0.171875 
360 0.171875 
365 0.218750 
370 0.218750 
375 0.203125 
380 0.281250 
385 0.218750 
390 0.234375 
395 0.234375 
400 0.265625 
405 0.265625 
410 0.265625 
415 0.281250 
420 0.296875 
425 0.296875 
430 0.328125 
435 0.328125 
440 0.328125 
445 0.375000 
450 0.343750 
455 0.390625 
460 0.390625 
465 0.390625 
470 0.406250 
475 0.421875 
480 0.484375 
485 0.437500 
490 0.453125 
495 0.484375 
