  0 0.000000 
  5 0.000000 
 10 0.000000 
 15 0.015625 
 20 0.000000 
 25 0.000000 
 30 0.000000 
 35 0.000000 
 40 0.000000 
 45 0.000000 
 50 0.000000 
 55 0.000000 
 60 0.015625 
 65 0.000000 
 70 0.000000 
 75 0.000000 
 80 0.015625 
 85 0.000000 
 90 0.015625 
 95 0.015625 
100 0.015625 
105 0.031250 
110 0.015625 
115 0.031250 
120 0.031250 
125 0.031250 
130 0.031250 
135 0.031250 
140 0.046875 
145 0.031250 
150 0.046875 
155 0.062500 
160 0.062500 
165 0.046875 
170 0.078125 
175 0.093750 
180 0.078125 
185 0.078125 
190 0.093750 
195 0.093750 
200 0.109375 
205 0.109375 
210 0.109375 
215 0.125000 
220 0.140625 
225 0.171875 
230 0.156250 
235 0.171875 
240 0.171875 
245 0.187500 
250 0.218750 
255 0.250000 
260 0.218750 
265 0.234375 
270 0.296875 
275 0.296875 
280 0.359375 
285 0.359375 
290 0.343750 
295 0.328125 
300 0.343750 
305 0.375000 
310 0.406250 
315 0.453125 
320 0.453125 
325 0.484375 
330 0.500000 
335 0.546875 
340 0.625000 
345 0.593750 
350 0.625000 
355 0.562500 
360 0.593750 
365 0.609375 
370 0.718750 
375 0.687500 
380 0.890625 
385 0.765625 
390 0.843750 
395 0.781250 
400 0.921875 
405 0.859375 
410 0.953125 
415 0.984375 
420 1.015625 
425 1.171875 
430 1.187500 
435 1.312500 
440 1.203125 
445 1.312500 
450 1.296875 
455 1.312500 
460 1.390625 
465 1.453125 
470 1.484375 
475 1.453125 
480 1.609375 
485 1.578125 
490 1.640625 
495 1.718750 
