1 2 0 2 0 -5.5 2 0 2 1.60287 0 2 0 1.60287
1.0625 2.125 0.128906 1.68555 0.114868 -4.5625 2.125 0.128906 2.10028 1.60752 0.128132 2.10028 0.128132 1.60752
1.125 2.25 0.265625 1.42969 0.211914 -3.625 2.25 0.265625 2.20113 1.62149 0.262547 2.20113 0.262547 1.62149
1.1875 2.375 0.410156 1.23242 0.2948 -2.6875 2.375 0.410156 2.30316 1.64476 0.403298 2.30316 0.403298 1.64476
1.25 2.5 0.5625 1.09375 0.367188 -1.75 2.5 0.5625 2.40692 1.67733 0.550478 2.40692 0.550478 1.67733
1.3125 2.625 0.722656 1.01367 0.432739 -0.8125 2.625 0.722656 2.51302 1.71922 0.704212 2.51302 0.704212 1.71922
1.375 2.75 0.890625 0.992188 0.495117 0.125 2.75 0.890625 2.62202 1.77041 0.864665 2.62202 0.864665 1.77041
1.4375 2.875 1.06641 1.0293 0.557983 1.0625 2.875 1.06641 2.73451 1.83091 1.03204 2.73451 1.03204 1.83091
1.5 3 1.25 1.125 0.625 2 3 1.25 2.85108 1.90072 1.20656 2.85108 1.20656 1.90072
1.5625 3.125 1.44141 1.2793 0.699829 2.9375 3.125 1.44141 2.9723 1.97983 1.38852 2.9723 1.38852 1.97983
1.625 3.25 1.64062 1.49219 0.786133 3.875 3.25 1.64062 3.09875 2.06826 1.57821 3.09875 1.57821 2.06826
1.6875 3.375 1.84766 1.76367 0.887573 4.8125 3.375 1.84766 3.23102 2.16599 1.77598 3.23102 1.77598 2.16599
1.75 3.5 2.0625 2.09375 1.00781 5.75 3.5 2.0625 3.36969 2.27303 1.98222 3.36969 1.98222 2.27303
1.8125 3.625 2.28516 2.48242 1.15051 6.6875 3.625 2.28516 3.51534 2.38937 2.19734 3.51534 2.19734 2.38937
1.875 3.75 2.51562 2.92969 1.31934 7.625 3.75 2.51562 3.66856 2.51503 2.4218 3.66856 2.4218 2.51503
1.9375 3.875 2.75391 3.43555 1.51794 8.5625 3.875 2.75391 3.82992 2.64999 2.65608 3.82992 2.65608 2.64999
2 4 3 4 1.75 9.5 4 3 4 2.79426 2.90072 4 2.90072 2.79426
2.0625 4.125 3.25391 4.56445 2.01794 8.5625 4.125 3.25391 4.17881 2.91991 3.15626 4.17881 3.15626 2.91991
2.125 4.25 3.51562 5.07031 2.31934 7.625 4.25 3.51562 4.36402 2.99903 3.4232 4.36402 3.4232 2.99903
2.1875 4.375 3.78516 5.51758 2.65051 6.6875 4.375 3.78516 4.55272 3.03161 3.70184 4.55272 3.70184 3.03161
2.25 4.5 4.0625 5.90625 3.00781 5.75 4.5 4.0625 4.742 3.01764 3.9923 4.742 3.9923 3.01764
2.3125 4.625 4.34766 6.23633 3.38757 4.8125 4.625 4.34766 4.92896 2.95714 4.29454 4.92896 4.29454 2.95714
2.375 4.75 4.64062 6.50781 3.78613 3.875 4.75 4.64062 5.11067 2.8501 4.60831 5.11067 4.60831 2.8501
2.4375 4.875 4.94141 6.7207 4.19983 2.9375 4.875 4.94141 5.28425 2.69653 4.93321 5.28425 4.93321 2.69653
2.5 5 5.25 6.875 4.625 2 5 5.25 5.44677 2.49641 5.26862 5.44677 5.26862 2.49641
2.5625 5.125 5.56641 6.9707 5.05798 1.0625 5.125 5.56641 5.59533 2.24976 5.61376 5.59533 5.61376 2.24976
2.625 5.25 5.89062 7.00781 5.49512 0.125 5.25 5.89062 5.72702 1.95656 5.96768 5.72702 5.96768 1.95656
2.6875 5.375 6.22266 6.98633 5.93274 -0.8125 5.375 6.22266 5.83893 1.61683 6.32923 5.83893 6.32923 1.61683
2.75 5.5 6.5625 6.90625 6.36719 -1.75 5.5 6.5625 5.92815 1.23056 6.69707 5.92815 6.69707 1.23056
2.8125 5.625 6.91016 6.76758 6.7948 -2.6875 5.625 6.91016 5.99178 0.797753 7.06971 5.99178 7.06971 0.797753
2.875 5.75 7.26562 6.57031 7.21191 -3.625 5.75 7.26562 6.0269 0.318406 7.44545 6.0269 7.44545 0.318406
2.9375 5.875 7.62891 6.31445 7.61487 -4.5625 5.875 7.62891 6.03061 -0.20748 7.82242 6.03061 7.82242 -0.20748
3 6 8 6 8 -5.5 6 8 6 -0.779904 8.19856 6 8.19856 -0.779904
3.0625 5.8125 8.36914 5.66602 8.36446 -5.1875 5.8125 8.36914 5.93326 -1.34577 8.57166 5.93326 8.57166 -1.34577
3.125 5.625 8.72656 5.35156 8.70866 -4.875 5.625 8.72656 5.83302 -1.85197 8.93952 5.83302 8.93952 -1.85197
3.1875 5.4375 9.07227 5.05664 9.03381 -4.5625 5.4375 9.07227 5.70301 -2.29852 9.30017 5.70301 9.30017 -2.29852
3.25 5.25 9.40625 4.78125 9.34115 -4.25 5.25 9.40625 5.54695 -2.68541 9.65186 5.54695 9.65186 -2.68541
3.3125 5.0625 9.72852 4.52539 9.63188 -3.9375 5.0625 9.72852 5.36858 -3.01263 9.99307 5.36858 9.99307 -3.01263
3.375 4.875 10.0391 4.28906 9.90723 -3.625 4.875 10.0391 5.17161 -3.2802 10.3225 5.17161 10.3225 -3.2802
3.4375 4.6875 10.3379 4.07227 10.1684 -3.3125 4.6875 10.3379 4.95979 -3.48811 10.6392 4.95979 10.6392 -3.48811
3.5 4.5 10.625 3.875 10.4167 -3 4.5 10.625 4.73684 -3.63636 10.9423 4.73684 10.9423 -3.63636
3.5625 4.3125 10.9004 3.69727 10.6532 -2.6875 4.3125 10.9004 4.50649 -3.72496 11.2312 4.50649 11.2312 -3.72496
3.625 4.125 11.1641 3.53906 10.8792 -2.375 4.125 11.1641 4.27247 -3.75389 11.5055 4.27247 11.5055 -3.75389
3.6875 3.9375 11.416 3.40039 11.096 -2.0625 3.9375 11.416 4.0385 -3.72316 11.7652 4.0385 11.7652 -3.72316
3.75 3.75 11.6562 3.28125 11.3047 -1.75 3.75 11.6562 3.80831 -3.63278 12.0104 3.80831 12.0104 -3.63278
3.8125 3.5625 11.8848 3.18164 11.5066 -1.4375 3.5625 11.8848 3.58564 -3.48273 12.2414 3.58564 12.2414 -3.48273
3.875 3.375 12.1016 3.10156 11.7028 -1.125 3.375 12.1016 3.37422 -3.27303 12.4589 3.37422 12.4589 -3.27303
3.9375 3.1875 12.3066 3.04102 11.8947 -0.8125 3.1875 12.3066 3.17776 -3.00366 12.6635 3.17776 12.6635 -3.00366
4 3 12.5 3 12.0833 -0.5 3 12.5 3 -2.67464 12.8565 3 12.8565 -2.67464
4.0625 2.875 12.6836 2.96289 12.2697 -0.6875 2.875 12.6836 2.84351 -2.34153 13.039 2.84351 13.039 -2.34153
4.125 2.75 12.8594 2.91406 12.4535 -0.875 2.75 12.8594 2.70624 -2.05988 13.2123 2.70624 13.2123 -2.05988
4.1875 2.625 13.0273 2.85352 12.6337 -1.0625 2.625 13.0273 2.58496 -1.82971 13.3776 2.58496 13.3776 -1.82971
4.25 2.5 13.1875 2.78125 12.8099 -1.25 2.5 13.1875 2.47645 -1.65102 13.5357 2.47645 13.5357 -1.65102
4.3125 2.375 13.3398 2.69727 12.9812 -1.4375 2.375 13.3398 2.37751 -1.52379 13.6873 2.37751 13.6873 -1.52379
4.375 2.25 13.4844 2.60156 13.1468 -1.625 2.25 13.4844 2.2849 -1.44804 13.833 2.2849 13.833 -1.44804
4.4375 2.125 13.6211 2.49414 13.3061 -1.8125 2.125 13.6211 2.19543 -1.42376 13.973 2.19543 13.973 -1.42376
4.5 2 13.75 2.375 13.4583 -2 2 13.75 2.10586 -1.45096 14.1074 2.10586 14.1074 -1.45096
4.5625 1.875 13.8711 2.24414 13.6027 -2.1875 1.875 13.8711 2.01299 -1.52962 14.2362 2.01299 14.2362 -1.52962
4.625 1.75 13.9844 2.10156 13.7386 -2.375 1.75 13.9844 1.91359 -1.65976 14.3589 1.91359 14.3589 -1.65976
4.6875 1.625 14.0898 1.94727 13.8652 -2.5625 1.625 14.0898 1.80444 -1.84138 14.4752 1.80444 14.4752 -1.84138
4.75 1.5 14.1875 1.78125 13.9818 -2.75 1.5 14.1875 1.68234 -2.07446 14.5842 1.68234 14.5842 -2.07446
4.8125 1.375 14.2773 1.60352 14.0876 -2.9375 1.375 14.2773 1.54406 -2.35902 14.6851 1.54406 14.6851 -2.35902
4.875 1.25 14.3594 1.41406 14.182 -3.125 1.25 14.3594 1.38639 -2.69505 14.7768 1.38639 14.7768 -2.69505
4.9375 1.125 14.4336 1.21289 14.2641 -3.3125 1.125 14.4336 1.20611 -3.08255 14.8579 1.20611 14.8579 -3.08255
5 1 14.5 1 14.3333 -3.5 1 14.5 1 -3.52153 14.927 1 14.927 -3.52153
5.0625 0.625 14.5508 0.771484 14.3888 -3.8125 0.625 14.5508 0.765685 -3.97172 14.9824 0.765685 14.9824 -3.97172
5.125 0.25 14.5781 0.523438 14.4294 -4.125 0.25 14.5781 0.50414 -4.39287 15.0222 0.50414 15.0222 -4.39287
5.1875 -0.125 14.582 0.255859 14.4538 -4.4375 -0.125 14.582 0.217181 -4.78497 15.0448 0.217181 15.0448 -4.78497
5.25 -0.5 14.5625 -0.03125 14.4609 -4.75 -0.5 14.5625 -0.0933762 -5.14803 15.0488 -0.0933762 15.0488 -5.14803
5.3125 -0.875 14.5195 -0.337891 14.4495 -5.0625 -0.875 14.5195 -0.425717 -5.48204 15.0327 -0.425717 15.0327 -5.48204
5.375 -1.25 14.4531 -0.664062 14.4183 -5.375 -1.25 14.4531 -0.778026 -5.78701 14.9952 -0.778026 14.9952 -5.78701
5.4375 -1.625 14.3633 -1.00977 14.3661 -5.6875 -1.625 14.3633 -1.14849 -6.06293 14.9351 -1.14849 14.9351 -6.06293
5.5 -2 14.25 -1.375 14.2917 -6 -2 14.25 -1.53529 -6.30981 14.8513 -1.53529 14.8513 -6.30981
5.5625 -2.375 14.1133 -1.75977 14.1938 -6.3125 -2.375 14.1133 -1.93661 -6.52764 14.7429 -1.93661 14.7429 -6.52764
5.625 -2.75 13.9531 -2.16406 14.0713 -6.625 -2.75 13.9531 -2.35064 -6.71643 14.609 -2.35064 14.609 -6.71643
5.6875 -3.125 13.7695 -2.58789 13.9229 -6.9375 -3.125 13.7695 -2.77556 -6.87618 14.4488 -2.77556 14.4488 -6.87618
5.75 -3.5 13.5625 -3.03125 13.7474 -7.25 -3.5 13.5625 -3.20955 -7.00688 14.2618 -3.20955 14.2618 -7.00688
5.8125 -3.875 13.332 -3.49414 13.5436 -7.5625 -3.875 13.332 -3.65081 -7.10853 14.0475 -3.65081 14.0475 -7.10853
5.875 -4.25 13.0781 -3.97656 13.3102 -7.875 -4.25 13.0781 -4.09752 -7.18115 13.8054 -4.09752 13.8054 -7.18115
5.9375 -4.625 12.8008 -4.47852 13.0461 -8.1875 -4.625 12.8008 -4.54785 -7.22471 13.5352 -4.54785 13.5352 -7.22471
6 -5 12.5 -5 12.75 -8.5 -5 12.5 -5 -7.23923 13.2368 -5 13.2368 -7.23923
