  0  0.000000 
  5  0.000000 
 10  0.000000 
 15  0.000000 
 20  0.000000 
 25  0.000000 
 30  0.000000 
 35  0.000000 
 40  0.000000 
 45  0.015625 
 50  0.000000 
 55  0.015625 
 60  0.000000 
 65  0.000000 
 70  0.000000 
 75  0.015625 
 80  0.015625 
 85  0.015625 
 90  0.015625 
 95  0.015625 
100  0.015625 
105  0.031250 
110  0.031250 
115  0.031250 
120  0.046875 
125  0.046875 
130  0.062500 
135  0.062500 
140  0.062500 
145  0.062500 
150  0.078125 
155  0.093750 
160  0.109375 
165  0.109375 
170  0.125000 
175  0.140625 
180  0.140625 
185  0.171875 
190  0.187500 
195  0.187500 
200  0.187500 
205  0.203125 
210  0.218750 
215  0.250000 
220  0.265625 
225  0.250000 
230  0.281250 
235  0.328125 
240  0.328125 
245  0.359375 
250  0.406250 
255  0.453125 
260  0.406250 
265  0.468750 
270  0.468750 
275  0.500000 
280  0.531250 
285  0.578125 
290  0.609375 
295  0.640625 
300  0.687500 
305  0.734375 
310  0.734375 
315  0.828125 
320  0.843750 
325  0.859375 
330  0.890625 
335  0.984375 
340  1.015625 
345  1.078125 
350  1.078125 
355  1.156250 
360  1.156250 
365  1.281250 
370  1.265625 
375  1.312500 
380  1.500000 
385  1.500000 
390  1.562500 
395  1.625000 
