2.63325e-05   0.995906    1.99693    3.99893 
5.18043e-05   0.991954    1.99397    3.99789 
7.67808e-05   0.988086    1.99106    3.99688 
0.00010148   0.984268     1.9882    3.99588 
0.000126033    0.98048    1.98536    3.99489 
0.000150522   0.976709    1.98253     3.9939 
0.000174996   0.972948    1.97971    3.99291 
0.000199487   0.969191    1.97689    3.99193 
0.000224014   0.965435    1.97407    3.99095 
0.000248588   0.961679    1.97126    3.98996 
0.000273218   0.957921    1.96844    3.98898 
0.000297909   0.954162    1.96562    3.98799 
0.000322663   0.950399     1.9628    3.98701 
0.000347482   0.946634    1.95997    3.98602 
0.000372368   0.942865    1.95714    3.98503 
0.000397321   0.939093    1.95431    3.98404 
0.000422343   0.935318    1.95148    3.98305 
0.000447433    0.93154    1.94865    3.98206 
0.000472592   0.927758    1.94581    3.98107 
0.000497821   0.923973    1.94297    3.98008 
0.000523119   0.920184    1.94013    3.97909 
0.000548487   0.916392    1.93728    3.97809 
0.000573925   0.912597    1.93444     3.9771 
0.000599433   0.908798    1.93159     3.9761 
0.000625012   0.904996    1.92873    3.97511 
0.000650661    0.90119    1.92588    3.97411 
0.000676381   0.897381    1.92302    3.97311 
0.000702171   0.893568    1.92016    3.97211 
0.000728033   0.889752     1.9173    3.97111 
0.000753966   0.885933    1.91443    3.97011 
0.000779971    0.88211    1.91156    3.96911 
0.000806048   0.878283    1.90869     3.9681 
0.000832196   0.874453    1.90582     3.9671 
0.000858417    0.87062    1.90294    3.96609 
0.000884709   0.866783    1.90006    3.96509 
0.000911075   0.862943    1.89718    3.96408 
0.000937513   0.859099     1.8943    3.96307 
0.000964023   0.855252    1.89141    3.96206 
0.000990607   0.851402    1.88852    3.96105 
0.00101726   0.847548    1.88563    3.96004 
0.00104399    0.84369    1.88273    3.95903 
 0.0010708   0.839829    1.87984    3.95802 
0.00109768   0.835964    1.87694      3.957 
0.00112463   0.832096    1.87403    3.95599 
0.00115165   0.828225    1.87113    3.95497 
0.00117876    0.82435    1.86822    3.95396 
0.00120593   0.820471    1.86531    3.95294 
0.00123318   0.816589    1.86239    3.95192 
0.00126051   0.812704    1.85948     3.9509 
0.00128791   0.808815    1.85656    3.94988 
0.00131538   0.804923    1.85364    3.94886 
0.00134293   0.801027    1.85071    3.94784 
0.00137056   0.797127    1.84779    3.94682 
0.00139826   0.793224    1.84486    3.94579 
0.00142604   0.789318    1.84193    3.94477 
 0.0014539   0.785408    1.83899    3.94374 
0.00148183   0.781494    1.83605    3.94271 
0.00150984   0.777577    1.83311    3.94169 
0.00153793   0.773657    1.83017    3.94066 
0.00156609   0.769733    1.82723    3.93963 
0.00159433   0.765805    1.82428     3.9386 
0.00162265   0.761874    1.82133    3.93756 
0.00165105   0.757939    1.81837    3.93653 
0.00167952   0.754001    1.81542     3.9355 
0.00170807   0.750059    1.81246    3.93446 
 0.0017367   0.746114     1.8095    3.93343 
0.00176541   0.742165    1.80653    3.93239 
 0.0017942   0.738213    1.80357    3.93135 
0.00182307   0.734257     1.8006    3.93032 
0.00185202   0.730298    1.79762    3.92928 
0.00188104   0.726335    1.79465    3.92824 
0.00191015   0.722368    1.79167    3.92719 
0.00193934   0.718398    1.78869    3.92615 
 0.0019686   0.714425    1.78571    3.92511 
0.00199795   0.710447    1.78272    3.92406 
0.00202738   0.706467    1.77973    3.92302 
0.00205689   0.702482    1.77674    3.92197 
0.00208648   0.698494    1.77375    3.92093 
0.00211615   0.694503    1.77075    3.91988 
 0.0021459   0.690508    1.76775    3.91883 
0.00217573   0.686509    1.76475    3.91778 
0.00220565   0.682507    1.76174    3.91673 
0.00223565   0.678501    1.75874    3.91568 
0.00226573   0.674492    1.75573    3.91462 
0.00229589   0.670479    1.75271    3.91357 
0.00232613   0.666462     1.7497    3.91251 
0.00235646   0.662442    1.74668    3.91146 
0.00238687   0.658418    1.74366     3.9104 
0.00241737   0.654391    1.74063    3.90934 
0.00244795    0.65036    1.73761    3.90828 
0.00247861   0.646325    1.73458    3.90722 
0.00250936   0.642287    1.73155    3.90616 
0.00254019   0.638245    1.72851     3.9051 
 0.0025711     0.6342    1.72547    3.90404 
 0.0026021   0.630151    1.72243    3.90297 
0.00263319   0.626098    1.71939    3.90191 
0.00266436   0.622042    1.71634    3.90084 
0.00269561   0.617982    1.71329    3.89978 
0.00272696   0.613919    1.71024    3.89871 
0.00275838   0.609851    1.70719    3.89764 
 0.0027899    0.60578    1.70413    3.89657 
 0.0028215   0.601706    1.70107     3.8955 
0.00285319   0.597628    1.69801    3.89443 
0.00288496   0.593546    1.69494    3.89336 
0.00291682   0.589461    1.69188    3.89228 
0.00294877   0.585372     1.6888    3.89121 
 0.0029808   0.581279    1.68573    3.89013 
0.00301293   0.577183    1.68265    3.88906 
0.00304514   0.573083    1.67958    3.88798 
0.00307744   0.568979    1.67649     3.8869 
0.00310983   0.564871    1.67341    3.88582 
 0.0031423    0.56076    1.67032    3.88474 
0.00317487   0.556646    1.66723    3.88366 
0.00320753   0.552527    1.66414    3.88258 
0.00324027   0.548405    1.66104    3.88149 
 0.0032731   0.544279    1.65794    3.88041 
0.00330603    0.54015    1.65484    3.87932 
0.00333904   0.536017    1.65174    3.87824 
0.00337215    0.53188    1.64863    3.87715 
0.00340534   0.527739    1.64552    3.87606 
0.00343863   0.523595    1.64241    3.87497 
0.00347201   0.519447    1.63929    3.87388 
0.00350548   0.515295    1.63617    3.87279 
0.00353904    0.51114    1.63305     3.8717 
0.00357269   0.506981    1.62993     3.8706 
0.00360644   0.502818     1.6268    3.86951 
0.00364027   0.498652    1.62367    3.86841 
 0.0036742   0.494481    1.62054    3.86732 
0.00370823   0.490307     1.6174    3.86622 
0.00374234    0.48613    1.61426    3.86512 
0.00377655   0.481948    1.61112    3.86402 
0.00381086   0.477763    1.60798    3.86292 
0.00384525   0.473574    1.60483    3.86182 
0.00387975   0.469381    1.60168    3.86071 
0.00391433   0.465185    1.59853    3.85961 
0.00394901   0.460985    1.59537    3.85851 
0.00398379   0.456781    1.59222     3.8574 
0.00401866   0.452573    1.58905    3.85629 
0.00405363   0.448361    1.58589    3.85519 
0.00408869   0.444146    1.58272    3.85408 
0.00412385   0.439927    1.57955    3.85297 
 0.0041591   0.435704    1.57638    3.85186 
0.00419445   0.431478    1.57321    3.85075 
 0.0042299   0.427247    1.57003    3.84963 
0.00426544   0.423013    1.56685    3.84852 
0.00430109   0.418775    1.56366     3.8474 
0.00433683   0.414533    1.56047    3.84629 
0.00437266   0.410288    1.55729    3.84517 
 0.0044086   0.406038    1.55409    3.84405 
0.00444463   0.401785     1.5509    3.84293 
0.00448077   0.397528     1.5477    3.84181 
  0.004517   0.393267     1.5445    3.84069 
0.00455333   0.389003    1.54129    3.83957 
0.00458976   0.384734    1.53809    3.83845 
0.00462629   0.380462    1.53488    3.83732 
0.00466292   0.376186    1.53166     3.8362 
0.00469965   0.371906    1.52845    3.83507 
0.00473648   0.367622    1.52523    3.83394 
0.00477341   0.363334    1.52201    3.83282 
0.00481045   0.359043    1.51878    3.83169 
0.00484758   0.354748    1.51555    3.83056 
0.00488482   0.350448    1.51232    3.82943 
0.00492216   0.346145    1.50909    3.82829 
 0.0049596   0.341838    1.50585    3.82716 
0.00499714   0.337528    1.50261    3.82602 
0.00503479   0.333213    1.49937    3.82489 
0.00507253   0.328894    1.49613    3.82375 
0.00511039   0.324572    1.49288    3.82261 
0.00514834   0.320246    1.48963    3.82148 
 0.0051864   0.315915    1.48637    3.82034 
0.00522457   0.311581    1.48312     3.8192 
0.00526284   0.307243    1.47986    3.81805 
0.00530121   0.302901    1.47659    3.81691 
0.00533969   0.298556    1.47333    3.81577 
0.00537827   0.294206    1.47006    3.81462 
0.00541697   0.289852    1.46679    3.81348 
0.00545576   0.285495    1.46351    3.81233 
0.00549466   0.281133    1.46023    3.81118 
0.00553367   0.276768    1.45695    3.81003 
0.00557279   0.272399    1.45367    3.80888 
0.00561201   0.268025    1.45038    3.80773 
0.00565134   0.263648    1.44709    3.80658 
0.00569078   0.259267     1.4438    3.80542 
0.00573033   0.254882     1.4405    3.80427 
0.00576999   0.250493     1.4372    3.80311 
0.00580975     0.2461     1.4339    3.80196 
0.00584962   0.241702     1.4306     3.8008 
0.00588961   0.237301    1.42729    3.79964 
 0.0059297   0.232897    1.42398    3.79848 
 0.0059699   0.228488    1.42067    3.79732 
0.00601021   0.224075    1.41735    3.79616 
0.00605064   0.219658    1.41403    3.79499 
0.00609117   0.215237    1.41071    3.79383 
0.00613181   0.210812    1.40738    3.79266 
0.00617257   0.206383    1.40405     3.7915 
0.00621344    0.20195    1.40072    3.79033 
0.00625442   0.197513    1.39738    3.78916 
0.00629551   0.193072    1.39405    3.78799 
0.00633672   0.188627     1.3907    3.78682 
0.00637804   0.184178    1.38736    3.78565 
0.00641947   0.179725    1.38401    3.78448 
0.00646102   0.175268    1.38066     3.7833 
0.00650268   0.170806    1.37731    3.78213 
0.00654445   0.166341    1.37395    3.78095 
0.00658634   0.161872    1.37059    3.77977 
0.00662835   0.157399    1.36723    3.77859 
0.00667047   0.152921    1.36386    3.77741 
 0.0067127    0.14844    1.36049    3.77623 
0.00675505   0.143954    1.35712    3.77505 
0.00679752   0.139464    1.35375    3.77387 
0.00684011   0.134971    1.35037    3.77269 
0.00688281   0.130473    1.34699     3.7715 
0.00692563   0.125971     1.3436    3.77031 
0.00696857   0.121465    1.34022    3.76913 
0.00701162   0.116955    1.33683    3.76794 
0.00705479    0.11244    1.33343    3.76675 
0.00709809   0.107922    1.33004    3.76556 
 0.0071415     0.1034    1.32664    3.76437 
0.00718503  0.0988729    1.32323    3.76318 
0.00722868  0.0943421    1.31983    3.76198 
0.00727245  0.0898071    1.31642    3.76079 
0.00731634  0.0852681      1.313    3.75959 
0.00736035  0.0807248    1.30959    3.75839 
0.00740449  0.0761774    1.30617    3.75719 
0.00744874  0.0716258    1.30275      3.756 
0.00749312    0.06707    1.29932    3.75479 
0.00753762  0.0625101    1.29589    3.75359 
0.00758224   0.057946    1.29246    3.75239 
0.00762698  0.0533777    1.28903    3.75119 
0.00767185  0.0488052    1.28559    3.74998 
0.00771684  0.0442284    1.28215    3.74877 
0.00776196  0.0396475     1.2787    3.74757 
 0.0078072  0.0350624    1.27526    3.74636 
0.00785256   0.030473    1.27181    3.74515 
0.00789805  0.0258794    1.26835    3.74394 
0.00794367  0.0212816     1.2649    3.74273 
0.00798941  0.0166795    1.26143    3.74151 
0.00803528  0.0120732    1.25797     3.7403 
0.00808127  0.0074626     1.2545    3.73908 
0.00812739 0.00284776    1.25103    3.73787 
0.00817364 -0.00177134    1.24756    3.73665 
0.00822002 -0.00639472    1.24408    3.73543 
0.00826652 -0.0110224    1.24061    3.73421 
0.00831315 -0.0156543    1.23712    3.73299 
0.00835991 -0.0202906    1.23364    3.73177 
 0.0084068 -0.0249311    1.23015    3.73054 
0.00845383 -0.0295759    1.22665    3.72932 
0.00850098 -0.0342251    1.22316    3.72809 
0.00854826 -0.0388786    1.21966    3.72687 
0.00859567 -0.0435364    1.21616    3.72564 
0.00864321 -0.0481985    1.21265    3.72441 
0.00869088  -0.052865    1.20914    3.72318 
0.00873869 -0.0575358    1.20563    3.72195 
0.00878663  -0.062211    1.20211    3.72072 
 0.0088347 -0.0668905    1.19859    3.71948 
 0.0088829 -0.0715744    1.19507    3.71825 
0.00893124 -0.0762627    1.19155    3.71701 
0.00897971 -0.0809553    1.18802    3.71577 
0.00902832 -0.0856524    1.18448    3.71453 
0.00907706 -0.0903538    1.18095    3.71329 
0.00912594 -0.0950597    1.17741    3.71205 
0.00917495 -0.0997699    1.17387    3.71081 
 0.0092241  -0.104485    1.17032    3.70957 
0.00927338  -0.109204    1.16677    3.70832 
 0.0093228  -0.113927    1.16322    3.70708 
0.00937236  -0.118655    1.15967    3.70583 
0.00942206  -0.123388    1.15611    3.70458 
0.00947189  -0.128124    1.15254    3.70333 
0.00952186  -0.132866    1.14898    3.70208 
0.00957197  -0.137612    1.14541    3.70083 
0.00962222  -0.142362    1.14184    3.69958 
0.00967261  -0.147117    1.13826    3.69832 
0.00972314  -0.151876    1.13468    3.69707 
0.00977381   -0.15664     1.1311    3.69581 
0.00982463  -0.161408    1.12751    3.69456 
0.00987558  -0.166181    1.12392     3.6933 
0.00992667  -0.170958    1.12033    3.69204 
0.00997791   -0.17574    1.11673    3.69078 
 0.0100293  -0.180526    1.11313    3.68951 
 0.0100808  -0.185317    1.10953    3.68825 
 0.0101325  -0.190113    1.10592    3.68698 
 0.0101843  -0.194913    1.10231    3.68572 
 0.0102362  -0.199717     1.0987    3.68445 
 0.0102883  -0.204527    1.09508    3.68318 
 0.0103406   -0.20934    1.09146    3.68191 
  0.010393  -0.214159    1.08784    3.68064 
 0.0104455  -0.218982    1.08421    3.67937 
 0.0104982  -0.223809    1.08058    3.67809 
  0.010551  -0.228642    1.07694    3.67682 
  0.010604  -0.233479     1.0733    3.67554 
 0.0106572   -0.23832    1.06966    3.67427 
 0.0107104  -0.243166    1.06602    3.67299 
 0.0107639  -0.248017    1.06237    3.67171 
 0.0108174  -0.252873    1.05872    3.67043 
 0.0108712  -0.257733    1.05506    3.66914 
  0.010925  -0.262598     1.0514    3.66786 
 0.0109791  -0.267467    1.04774    3.66658 
 0.0110332  -0.272341    1.04407    3.66529 
 0.0110876   -0.27722     1.0404      3.664 
  0.011142  -0.282104    1.03673    3.66271 
 0.0111967  -0.286992    1.03305    3.66142 
 0.0112515  -0.291885    1.02937    3.66013 
 0.0113064  -0.296783    1.02569    3.65884 
 0.0113615  -0.301686      1.022    3.65755 
 0.0114168  -0.306593    1.01831    3.65625 
 0.0114722  -0.311506    1.01461    3.65495 
 0.0115277  -0.316423    1.01091    3.65366 
 0.0115835  -0.321344    1.00721    3.65236 
 0.0116393  -0.326271     1.0035    3.65106 
 0.0116954  -0.331202   0.999794    3.64976 
 0.0117516  -0.336138    0.99608    3.64845 
 0.0118079   -0.34108   0.992363    3.64715 
 0.0118644  -0.346025   0.988642    3.64584 
 0.0119211  -0.350976   0.984918    3.64454 
 0.0119779  -0.355932    0.98119    3.64323 
 0.0120349  -0.360892   0.977458    3.64192 
  0.012092  -0.365858   0.973723    3.64061 
 0.0121494  -0.370828   0.969984     3.6393 
 0.0122068  -0.375803   0.966241    3.63799 
 0.0122645  -0.380783   0.962494    3.63667 
 0.0123223  -0.385768   0.958744    3.63535 
 0.0123802  -0.390758    0.95499    3.63404 
 0.0124383  -0.395753   0.951232    3.63272 
 0.0124966  -0.400753    0.94747     3.6314 
 0.0125551  -0.405757   0.943705    3.63008 
 0.0126137  -0.410767   0.939936    3.62876 
 0.0126725  -0.415782   0.936163    3.62743 
 0.0127314  -0.420802   0.932387    3.62611 
 0.0127906  -0.425826   0.928606    3.62478 
 0.0128499  -0.430856   0.924822    3.62345 
 0.0129093  -0.435891   0.921034    3.62212 
 0.0129689  -0.440931   0.917242    3.62079 
 0.0130287  -0.445976   0.913447    3.61946 
 0.0130887  -0.451025   0.909647    3.61813 
 0.0131488   -0.45608   0.905844    3.61679 
 0.0132091  -0.461141   0.902037    3.61546 
 0.0132696  -0.466206   0.898226    3.61412 
 0.0133303  -0.471276   0.894411    3.61278 
 0.0133911  -0.476351   0.890592    3.61144 
 0.0134521  -0.481432    0.88677     3.6101 
 0.0135133  -0.486518   0.882943    3.60876 
 0.0135746  -0.491609   0.879113    3.60741 
 0.0136361  -0.496705   0.875278    3.60607 
 0.0136978  -0.501806    0.87144    3.60472 
 0.0137597  -0.506912   0.867598    3.60337 
 0.0138218  -0.512024   0.863752    3.60202 
  0.013884   -0.51714   0.859902    3.60067 
 0.0139464  -0.522262   0.856048    3.59932 
  0.014009   -0.52739    0.85219    3.59796 
 0.0140717  -0.532522   0.848328    3.59661 
 0.0141347   -0.53766   0.844462    3.59525 
 0.0141978  -0.542803   0.840592    3.59389 
 0.0142611  -0.547951   0.836718    3.59254 
 0.0143246  -0.553105    0.83284    3.59117 
 0.0143883  -0.558264   0.828959    3.58981 
 0.0144521  -0.563428   0.825073    3.58845 
 0.0145162  -0.568598   0.821183    3.58708 
 0.0145804  -0.573772   0.817289    3.58572 
 0.0146448  -0.578953   0.813391    3.58435 
 0.0147094  -0.584138   0.809488    3.58298 
 0.0147742  -0.589329   0.805582    3.58161 
 0.0148391  -0.594526   0.801672    3.58024 
 0.0149043  -0.599728   0.797758    3.57886 
 0.0149696  -0.604935   0.793839    3.57749 
 0.0150352  -0.610148   0.789917    3.57611 
 0.0151009  -0.615366    0.78599    3.57473 
 0.0151668   -0.62059   0.782059    3.57335 
 0.0152329  -0.625819   0.778124    3.57197 
 0.0152992  -0.631053   0.774185    3.57059 
 0.0153657  -0.636293   0.770241     3.5692 
 0.0154323  -0.641539   0.766294    3.56782 
 0.0154992   -0.64679   0.762342    3.56643 
 0.0155663  -0.652047   0.758386    3.56504 
 0.0156335  -0.657309   0.754426    3.56365 
  0.015701  -0.662577   0.750462    3.56226 
 0.0157687  -0.667851   0.746494    3.56087 
 0.0158365   -0.67313   0.742521    3.55947 
 0.0159045  -0.678414   0.738544    3.55808 
 0.0159728  -0.683705   0.734563    3.55668 
 0.0160412  -0.689001   0.730577    3.55528 
 0.0161099  -0.694302   0.726587    3.55388 
 0.0161787  -0.699609   0.722593    3.55248 
 0.0162478  -0.704922   0.718595    3.55107 
  0.016317  -0.710241   0.714592    3.54967 
 0.0163865  -0.715566   0.710585    3.54826 
 0.0164561  -0.720896   0.706573    3.54685 
  0.016526  -0.726232   0.702558    3.54544 
  0.016596  -0.731573   0.698538    3.54403 
 0.0166663  -0.736921   0.694513    3.54262 
 0.0167368  -0.742274   0.690484    3.54121 
 0.0168075  -0.747633   0.686451    3.53979 
 0.0168784  -0.752998   0.682413    3.53837 
 0.0169495  -0.758369   0.678371    3.53695 
 0.0170208  -0.763745   0.674325    3.53553 
 0.0170923  -0.769128   0.670274    3.53411 
  0.017164  -0.774516   0.666219    3.53269 
 0.0172359   -0.77991   0.662159    3.53126 
 0.0173081  -0.785311   0.658094    3.52984 
 0.0173805  -0.790717   0.654025    3.52841 
  0.017453  -0.796129   0.649952    3.52698 
 0.0175258  -0.801547   0.645874    3.52555 
 0.0175988  -0.806971   0.641792    3.52411 
 0.0176721  -0.812401   0.637705    3.52268 
 0.0177455  -0.817837   0.633614    3.52124 
 0.0178192  -0.823279   0.629518     3.5198 
 0.0178931  -0.828727   0.625417    3.51836 
 0.0179672  -0.834182   0.621312    3.51692 
 0.0180415  -0.839642   0.617202    3.51548 
  0.018116  -0.845108   0.613088    3.51403 
 0.0181908  -0.850581   0.608968    3.51259 
 0.0182658   -0.85606   0.604845    3.51114 
  0.018341  -0.861545   0.600716    3.50969 
 0.0184164  -0.867036   0.596583    3.50824 
 0.0184921  -0.872533   0.592446    3.50679 
 0.0185679  -0.878036   0.588303    3.50533 
 0.0186441  -0.883546   0.584156    3.50388 
 0.0187204  -0.889062   0.580005    3.50242 
  0.018797  -0.894584   0.575848    3.50096 
 0.0188738  -0.900113   0.571687     3.4995 
 0.0189508  -0.905647   0.567521    3.49804 
 0.0190281  -0.911188    0.56335    3.49657 
 0.0191055  -0.916736   0.559174     3.4951 
 0.0191833   -0.92229   0.554994    3.49364 
 0.0192612   -0.92785   0.550809    3.49217 
 0.0193394  -0.933416   0.546618     3.4907 
 0.0194179  -0.938989   0.542424    3.48922 
 0.0194965  -0.944569   0.538224    3.48775 
 0.0195754  -0.950155   0.534019    3.48627 
 0.0196546  -0.955747    0.52981    3.48479 
  0.019734  -0.961346   0.525595    3.48331 
 0.0198136  -0.966951   0.521376    3.48183 
 0.0198934  -0.972563   0.517151    3.48035 
 0.0199735  -0.978181   0.512922    3.47886 
 0.0200539  -0.983806   0.508688    3.47738 
 0.0201345  -0.989438   0.504449    3.47589 
 0.0202153  -0.995076   0.500205     3.4744 
 0.0202964   -1.00072   0.495955    3.47291 
 0.0203777   -1.00637   0.491701    3.47141 
 0.0204593   -1.01203   0.487442    3.46992 
 0.0205412    -1.0177   0.483178    3.46842 
 0.0206232   -1.02337   0.478908    3.46692 
 0.0207056   -1.02905   0.474634    3.46542 
 0.0207881   -1.03473   0.470354    3.46391 
  0.020871   -1.04042    0.46607    3.46241 
 0.0209541   -1.04612    0.46178     3.4609 
 0.0210374   -1.05183   0.457485     3.4594 
  0.021121   -1.05754   0.453185    3.45788 
 0.0212049   -1.06326   0.448879    3.45637 
  0.021289   -1.06898   0.444569    3.45486 
 0.0213734   -1.07472   0.440253    3.45334 
  0.021458   -1.08046   0.435932    3.45183 
 0.0215429    -1.0862   0.431606    3.45031 
  0.021628   -1.09196   0.427275    3.44879 
 0.0217135   -1.09772   0.422938    3.44726 
 0.0217992   -1.10348   0.418596    3.44574 
 0.0218851   -1.10926   0.414249    3.44421 
 0.0219713   -1.11504   0.409896    3.44268 
 0.0220578   -1.12083   0.405538    3.44115 
 0.0221446   -1.12663   0.401175    3.43962 
 0.0222316   -1.13243   0.396806    3.43808 
 0.0223189   -1.13824   0.392432    3.43655 
 0.0224064   -1.14406   0.388052    3.43501 
 0.0224943   -1.14988   0.383667    3.43347 
 0.0225824   -1.15571   0.379277    3.43193 
 0.0226708   -1.16155   0.374881    3.43038 
 0.0227594    -1.1674    0.37048    3.42884 
 0.0228484   -1.17325   0.366073    3.42729 
 0.0229376   -1.17911    0.36166    3.42574 
 0.0230271   -1.18498   0.357242    3.42419 
 0.0231169   -1.19086   0.352819    3.42264 
 0.0232069   -1.19674    0.34839    3.42108 
 0.0232973   -1.20263   0.343955    3.41952 
 0.0233879   -1.20853   0.339515    3.41796 
 0.0234788   -1.21443   0.335069     3.4164 
   0.02357   -1.22035   0.330617    3.41484 
 0.0236615   -1.22627    0.32616    3.41327 
 0.0237533   -1.23219   0.321697     3.4117 
 0.0238454   -1.23813   0.317229    3.41013 
 0.0239377   -1.24407   0.312754    3.40856 
 0.0240304   -1.25002   0.308274    3.40699 
 0.0241233   -1.25598   0.303788    3.40541 
 0.0242166   -1.26195   0.299297    3.40384 
 0.0243101   -1.26792   0.294799    3.40226 
  0.024404    -1.2739   0.290296    3.40067 
 0.0244981   -1.27989   0.285787    3.39909 
 0.0245925   -1.28589   0.281272     3.3975 
 0.0246873   -1.29189   0.276751    3.39592 
 0.0247823    -1.2979   0.272224    3.39433 
 0.0248777   -1.30392   0.267692    3.39273 
 0.0249733   -1.30995   0.263153    3.39114 
 0.0250693   -1.31599   0.258608    3.38954 
 0.0251655   -1.32203   0.254058    3.38794 
 0.0252621   -1.32808   0.249501    3.38634 
  0.025359   -1.33414   0.244939    3.38474 
 0.0254562   -1.34021    0.24037    3.38314 
 0.0255537   -1.34629   0.235795    3.38153 
 0.0256515   -1.35237   0.231214    3.37992 
 0.0257497   -1.35846   0.226627    3.37831 
 0.0258482   -1.36456   0.222034    3.37669 
 0.0259469   -1.37067   0.217435    3.37508 
  0.026046   -1.37679    0.21283    3.37346 
 0.0261455   -1.38291   0.208218    3.37184 
 0.0262452   -1.38905   0.203601    3.37022 
 0.0263453   -1.39519   0.198976    3.36859 
 0.0264457   -1.40134   0.194346    3.36697 
 0.0265464   -1.40749    0.18971    3.36534 
 0.0266475   -1.41366   0.185067    3.36371 
 0.0267488   -1.41983   0.180418    3.36207 
 0.0268506   -1.42602   0.175762    3.36044 
 0.0269526   -1.43221     0.1711     3.3588 
  0.027055   -1.43841   0.166432    3.35716 
 0.0271577   -1.44462   0.161757    3.35552 
 0.0272608   -1.45083   0.157076    3.35387 
 0.0273642   -1.45706   0.152388    3.35223 
 0.0274679   -1.46329   0.147694    3.35058 
  0.027572   -1.46954   0.142993    3.34893 
 0.0276764   -1.47579   0.138286    3.34727 
 0.0277812   -1.48205   0.133572    3.34562 
 0.0278863   -1.48832   0.128852    3.34396 
 0.0279918   -1.49459   0.124125     3.3423 
 0.0280976   -1.50088   0.119392    3.34063 
 0.0282038   -1.50717   0.114651    3.33897 
 0.0283103   -1.51348   0.109905     3.3373 
 0.0284172   -1.51979   0.105151    3.33563 
 0.0285244   -1.52611   0.100391    3.33396 
  0.028632   -1.53244  0.0956236    3.33228 
 0.0287399   -1.53878  0.0908497    3.33061 
 0.0288482   -1.54513  0.0860691    3.32893 
 0.0289569   -1.55149  0.0812816    3.32724 
  0.029066   -1.55786  0.0764872    3.32556 
 0.0291754   -1.56423   0.071686    3.32387 
 0.0292851   -1.57062  0.0668779    3.32218 
 0.0293953   -1.57701  0.0620628    3.32049 
 0.0295058   -1.58341  0.0572408     3.3188 
 0.0296167   -1.58983  0.0524118     3.3171 
  0.029728   -1.59625  0.0475759     3.3154 
 0.0298396   -1.60268  0.0427328     3.3137 
 0.0299516   -1.60912  0.0378827      3.312 
  0.030064   -1.61557  0.0330256    3.31029 
 0.0301768   -1.62203  0.0281613    3.30858 
   0.03029    -1.6285  0.0232899    3.30687 
 0.0304035   -1.63498  0.0184113    3.30515 
 0.0305175   -1.64147  0.0135255    3.30344 
 0.0306318   -1.64796 0.00863247    3.30172 
 0.0307465   -1.65447 0.00373222        3.3 
 0.0308616   -1.66099 -0.00117531    3.29827 
 0.0309771   -1.66751 -0.00609014    3.29655 
  0.031093   -1.67405 -0.0110123    3.29482 
 0.0312093    -1.6806 -0.0159418    3.29308 
  0.031326   -1.68715 -0.0208787    3.29135 
 0.0314431   -1.69372  -0.025823    3.28961 
 0.0315606   -1.70029 -0.0307748    3.28787 
 0.0316786   -1.70688 -0.0357341    3.28613 
 0.0317969   -1.71347 -0.0407008    3.28438 
 0.0319156   -1.72008 -0.0456751    3.28264 
 0.0320348   -1.72669 -0.0506569    3.28088 
 0.0321543   -1.73332 -0.0556463    3.27913 
 0.0322743   -1.73995 -0.0606433    3.27738 
 0.0323947    -1.7466  -0.065648    3.27562 
 0.0325155   -1.75325 -0.0706603    3.27386 
 0.0326367   -1.75992 -0.0756804    3.27209 
 0.0327584    -1.7666 -0.0807082    3.27032 
 0.0328805   -1.77328 -0.0857438    3.26855 
  0.033003   -1.77998 -0.0907871    3.26678 
 0.0331259   -1.78669 -0.0958383    3.26501 
 0.0332493    -1.7934  -0.100897    3.26323 
 0.0333731   -1.80013  -0.105964    3.26145 
 0.0334974   -1.80687  -0.111039    3.25967 
  0.033622   -1.81362  -0.116122    3.25788 
 0.0337472   -1.82038  -0.121213    3.25609 
 0.0338727   -1.82715  -0.126311     3.2543 
 0.0339987   -1.83393  -0.131418     3.2525 
 0.0341252   -1.84072  -0.136533    3.25071 
 0.0342521   -1.84752  -0.141656    3.24891 
 0.0343795   -1.85434  -0.146787     3.2471 
 0.0345073   -1.86116  -0.151927     3.2453 
 0.0346356     -1.868  -0.157074    3.24349 
 0.0347643   -1.87484   -0.16223    3.24168 
 0.0348935    -1.8817  -0.167394    3.23986 
 0.0350232   -1.88857  -0.172566    3.23804 
 0.0351533   -1.89544  -0.177747    3.23622 
 0.0352839   -1.90233  -0.182936     3.2344 
 0.0354149   -1.90924  -0.188133    3.23257 
 0.0355465   -1.91615  -0.193339    3.23074 
 0.0356785   -1.92307  -0.198554    3.22891 
 0.0358109   -1.93001  -0.203776    3.22707 
 0.0359439   -1.93695  -0.209008    3.22524 
 0.0360774   -1.94391  -0.214248    3.22339 
 0.0362113   -1.95088  -0.219496    3.22155 
 0.0363457   -1.95786  -0.224753     3.2197 
 0.0364806   -1.96485  -0.230019    3.21785 
  0.036616   -1.97185  -0.235294      3.216 
 0.0367519   -1.97887  -0.240577    3.21414 
 0.0368883   -1.98589  -0.245869    3.21228 
 0.0370252   -1.99293   -0.25117    3.21042 
 0.0371626   -1.99998   -0.25648    3.20855 
 0.0373005   -2.00704  -0.261799    3.20668 
 0.0374389   -2.01412  -0.267126    3.20481 
 0.0375778    -2.0212  -0.272463    3.20293 
 0.0377172    -2.0283  -0.277808    3.20106 
 0.0378572   -2.03541  -0.283163    3.19917 
 0.0379976   -2.04253  -0.288526    3.19729 
 0.0381386   -2.04966  -0.293899     3.1954 
 0.0382801   -2.05681  -0.299281    3.19351 
 0.0384221   -2.06397  -0.304672    3.19161 
 0.0385647   -2.07113  -0.310072    3.18972 
 0.0387078   -2.07832  -0.315482    3.18781 
 0.0388514   -2.08551  -0.320901    3.18591 
 0.0389956   -2.09272  -0.326329      3.184 
 0.0391403   -2.09994  -0.331766    3.18209 
 0.0392855   -2.10717  -0.337213    3.18018 
 0.0394313   -2.11441   -0.34267    3.17826 
 0.0395776   -2.12167  -0.348136    3.17634 
 0.0397245   -2.12894  -0.353611    3.17441 
  0.039872   -2.13622  -0.359096    3.17248 
   0.04002   -2.14352  -0.364591    3.17055 
 0.0401685   -2.15082  -0.370095    3.16862 
 0.0403176   -2.15814  -0.375609    3.16668 
 0.0404673   -2.16548  -0.381133    3.16474 
 0.0406176   -2.17282  -0.386666    3.16279 
 0.0407684   -2.18018  -0.392209    3.16085 
 0.0409198   -2.18756  -0.397762    3.15889 
 0.0410718   -2.19494  -0.403325    3.15694 
 0.0412244   -2.20234  -0.408898    3.15498 
 0.0413775   -2.20975  -0.414481    3.15302 
 0.0415312   -2.21718  -0.420074    3.15105 
 0.0416856   -2.22461  -0.425677    3.14908 
 0.0418405   -2.23207   -0.43129    3.14711 
  0.041996   -2.23953  -0.436913    3.14513 
 0.0421521   -2.24701  -0.442546    3.14315 
 0.0423088    -2.2545   -0.44819    3.14117 
 0.0424661   -2.26201  -0.453844    3.13918 
 0.0426241   -2.26953  -0.459508    3.13719 
 0.0427826   -2.27706  -0.465183     3.1352 
 0.0429418   -2.28461  -0.470868     3.1332 
 0.0431016   -2.29217  -0.476563    3.13119 
  0.043262   -2.29975  -0.482269    3.12919 
  0.043423   -2.30733  -0.487985    3.12718 
 0.0435847   -2.31494  -0.493712    3.12517 
  0.043747   -2.32255   -0.49945    3.12315 
 0.0439099   -2.33019  -0.505198    3.12113 
 0.0440735   -2.33783  -0.510957     3.1191 
 0.0442377   -2.34549  -0.516727    3.11708 
 0.0444026   -2.35316  -0.522508    3.11504 
 0.0445681   -2.36085  -0.528299    3.11301 
 0.0447343   -2.36855  -0.534101    3.11097 
 0.0449011   -2.37627  -0.539915    3.10893 
 0.0450686     -2.384  -0.545739    3.10688 
 0.0452368   -2.39175  -0.551574    3.10483 
 0.0454056   -2.39951   -0.55742    3.10277 
 0.0455751   -2.40729  -0.563278    3.10071 
 0.0457453   -2.41508  -0.569147    3.09865 
 0.0459162   -2.42288  -0.575027    3.09658 
 0.0460877    -2.4307  -0.580918    3.09451 
 0.0462599   -2.43854   -0.58682    3.09244 
 0.0464329   -2.44639  -0.592734    3.09036 
 0.0466065   -2.45426   -0.59866    3.08827 
 0.0467808   -2.46214  -0.604596    3.08619 
 0.0469559   -2.47003  -0.610545     3.0841 
 0.0471316   -2.47795  -0.616505      3.082 
  0.047308   -2.48587  -0.622476     3.0799 
 0.0474852   -2.49382  -0.628459     3.0778 
 0.0476631   -2.50177  -0.634454    3.07569 
 0.0478417   -2.50975  -0.640461    3.07358 
  0.048021   -2.51774  -0.646479    3.07146 
 0.0482011   -2.52574   -0.65251    3.06934 
 0.0483819   -2.53376  -0.658552    3.06722 
 0.0485635    -2.5418  -0.664606    3.06509 
 0.0487458   -2.54985  -0.670673    3.06296 
 0.0489288   -2.55792  -0.676751    3.06082 
 0.0491126   -2.56601  -0.682842    3.05868 
 0.0492972   -2.57411  -0.688945    3.05653 
 0.0494825   -2.58222   -0.69506    3.05438 
 0.0496686   -2.59036  -0.701187    3.05223 
 0.0498554   -2.59851  -0.707327    3.05007 
 0.0500431   -2.60667  -0.713479    3.04791 
 0.0502315   -2.61486  -0.719643    3.04574 
 0.0504207   -2.62306   -0.72582    3.04357 
 0.0506107   -2.63127   -0.73201    3.04139 
 0.0508015   -2.63951  -0.738212    3.03921 
  0.050993   -2.64776  -0.744427    3.03703 
 0.0511854   -2.65602  -0.750655    3.03484 
 0.0513786   -2.66431  -0.756895    3.03264 
 0.0515726   -2.67261  -0.763149    3.03045 
 0.0517675   -2.68093  -0.769415    3.02824 
 0.0519631   -2.68926  -0.775694    3.02603 
 0.0521596   -2.69761  -0.781986    3.02382 
 0.0523569   -2.70598  -0.788292    3.02161 
  0.052555   -2.71437   -0.79461    3.01938 
  0.052754   -2.72277  -0.800942    3.01716 
 0.0529538    -2.7312  -0.807287    3.01493 
 0.0531545   -2.73964  -0.813645    3.01269 
 0.0533561   -2.74809  -0.820016    3.01045 
 0.0535585   -2.75657  -0.826401    3.00821 
 0.0537617   -2.76506    -0.8328    3.00596 
 0.0539659   -2.77357  -0.839212     3.0037 
 0.0541709    -2.7821  -0.845638    3.00144 
 0.0543768   -2.79065  -0.852077    2.99918 
 0.0545836   -2.79922   -0.85853    2.99691 
 0.0547913    -2.8078  -0.864997    2.99464 
 0.0549999    -2.8164  -0.871478    2.99236 
 0.0552094   -2.82502  -0.877972    2.99007 
 0.0554198   -2.83366  -0.884481    2.98779 
 0.0556311   -2.84232  -0.891004    2.98549 
 0.0558433     -2.851  -0.897541    2.98319 
 0.0560565   -2.85969  -0.904092    2.98089 
 0.0562706   -2.86841  -0.910657    2.97858 
 0.0564856   -2.87714  -0.917236    2.97627 
 0.0567016   -2.88589   -0.92383    2.97395 
 0.0569185   -2.89466  -0.930439    2.97163 
 0.0571364   -2.90345  -0.937062     2.9693 
 0.0573553   -2.91226  -0.943699    2.96696 
 0.0575751   -2.92109  -0.950351    2.96463 
 0.0577959   -2.92994  -0.957018    2.96228 
 0.0580176   -2.93881  -0.963699    2.95993 
 0.0582404    -2.9477  -0.970396    2.95758 
 0.0584641   -2.95661  -0.977107    2.95522 
 0.0586889   -2.96553  -0.983833    2.95285 
 0.0589146   -2.97448  -0.990574    2.95048 
 0.0591413   -2.98345  -0.997331    2.94811 
 0.0593691   -2.99244    -1.0041    2.94573 
 0.0595979   -3.00145   -1.01089    2.94334 
 0.0598277   -3.01047   -1.01769    2.94095 
 0.0600586   -3.01952   -1.02451    2.93855 
 0.0602904   -3.02859   -1.03134    2.93615 
 0.0605234   -3.03768   -1.03819    2.93374 
 0.0607574   -3.04679   -1.04505    2.93133 
 0.0609924   -3.05592   -1.05193    2.92891 
 0.0612286   -3.06508   -1.05883    2.92648 
 0.0614657   -3.07425   -1.06574    2.92405 
  0.061704   -3.08344   -1.07267    2.92162 
 0.0619434   -3.09266   -1.07961    2.91918 
 0.0621838   -3.10189   -1.08657    2.91673 
 0.0624254   -3.11115   -1.09354    2.91428 
 0.0626681   -3.12043   -1.10054    2.91182 
 0.0629119   -3.12973   -1.10754    2.90935 
 0.0631568   -3.13906   -1.11457    2.90688 
 0.0634028    -3.1484   -1.12161    2.90441 
   0.06365   -3.15777   -1.12866    2.90193 
 0.0638983   -3.16715   -1.13574    2.89944 
 0.0641478   -3.17656   -1.14283    2.89695 
 0.0643984     -3.186   -1.14993    2.89445 
 0.0646502   -3.19545   -1.15706    2.89194 
 0.0649032   -3.20493    -1.1642    2.88943 
 0.0651573   -3.21443   -1.17135    2.88691 
 0.0654127   -3.22395   -1.17853    2.88439 
 0.0656692   -3.23349   -1.18572    2.88186 
 0.0659269   -3.24306   -1.19293    2.87933 
 0.0661859   -3.25265   -1.20015    2.87679 
 0.0664461   -3.26226    -1.2074    2.87424 
 0.0667075    -3.2719   -1.21466    2.87169 
 0.0669701   -3.28156   -1.22194    2.86913 
  0.067234   -3.29124   -1.22923    2.86656 
 0.0674991   -3.30095   -1.23654    2.86399 
 0.0677655   -3.31068   -1.24388    2.86141 
 0.0680332   -3.32043   -1.25122    2.85883 
 0.0683021   -3.33021   -1.25859    2.85624 
 0.0685724   -3.34001   -1.26598    2.85364 
 0.0688439   -3.34984   -1.27338    2.85104 
 0.0691167   -3.35968    -1.2808    2.84843 
 0.0693908   -3.36956   -1.28824    2.84581 
 0.0696663   -3.37946    -1.2957    2.84319 
 0.0699431   -3.38938   -1.30317    2.84056 
 0.0702212   -3.39932   -1.31067    2.83792 
 0.0705006    -3.4093   -1.31818    2.83528 
 0.0707815   -3.41929   -1.32571    2.83263 
 0.0710636   -3.42931   -1.33326    2.82998 
 0.0713472   -3.43936   -1.34083    2.82731 
 0.0716321   -3.44943   -1.34842    2.82465 
 0.0719185   -3.45953   -1.35603    2.82197 
 0.0722062   -3.46965   -1.36366    2.81929 
 0.0724953    -3.4798    -1.3713     2.8166 
 0.0727859   -3.48997   -1.37897     2.8139 
 0.0730779   -3.50017   -1.38665     2.8112 
 0.0733713   -3.51039   -1.39435    2.80849 
 0.0736662   -3.52064   -1.40208    2.80578 
 0.0739625   -3.53092   -1.40982    2.80305 
 0.0742603   -3.54122   -1.41759    2.80032 
 0.0745596   -3.55155   -1.42537    2.79759 
 0.0748603   -3.56191   -1.43317    2.79484 
 0.0751626   -3.57229   -1.44099    2.79209 
 0.0754664    -3.5827   -1.44884    2.78933 
 0.0757717   -3.59314    -1.4567    2.78657 
 0.0760785    -3.6036   -1.46458    2.78379 
 0.0763868   -3.61409   -1.47249    2.78101 
 0.0766968   -3.62461   -1.48041    2.77823 
 0.0770082   -3.63515   -1.48836    2.77543 
 0.0773213   -3.64572   -1.49633    2.77263 
 0.0776359   -3.65632   -1.50431    2.76982 
 0.0779521   -3.66695   -1.51232    2.76701 
 0.0782699   -3.67761   -1.52035    2.76418 
 0.0785893   -3.68829    -1.5284    2.76135 
 0.0789104     -3.699   -1.53647    2.75851 
 0.0792331   -3.70974   -1.54457    2.75567 
 0.0795574   -3.72051   -1.55268    2.75281 
 0.0798835   -3.73131   -1.56082    2.74995 
 0.0802111   -3.74214   -1.56897    2.74708 
 0.0805405   -3.75299   -1.57715     2.7442 
 0.0808715   -3.76387   -1.58535    2.74132 
 0.0812043   -3.77479   -1.59358    2.73843 
 0.0815388   -3.78573   -1.60182    2.73553 
  0.081875    -3.7967   -1.61009    2.73262 
  0.082213    -3.8077   -1.61838     2.7297 
 0.0825527   -3.81874   -1.62669    2.72678 
 0.0828942    -3.8298   -1.63503    2.72385 
 0.0832374   -3.84089   -1.64339    2.72091 
 0.0835825   -3.85201   -1.65177    2.71796 
 0.0839293   -3.86316   -1.66017    2.71501 
  0.084278   -3.87434    -1.6686    2.71204 
 0.0846285   -3.88556   -1.67705    2.70907 
 0.0849809    -3.8968   -1.68552    2.70609 
 0.0853351   -3.90808   -1.69402     2.7031 
 0.0856912   -3.91938   -1.70253    2.70011 
 0.0860491   -3.93072   -1.71108     2.6971 
  0.086409   -3.94209   -1.71964    2.69409 
 0.0867708   -3.95349   -1.72824    2.69107 
 0.0871345   -3.96492   -1.73685    2.68804 
 0.0875001   -3.97638   -1.74549      2.685 
 0.0878677   -3.98788   -1.75415    2.68195 
 0.0882372   -3.99941   -1.76284     2.6789 
 0.0886088   -4.01097   -1.77155    2.67583 
 0.0889823   -4.02256   -1.78028    2.67276 
 0.0893579   -4.03419   -1.78905    2.66968 
 0.0897354   -4.04585   -1.79783    2.66659 
  0.090115   -4.05754   -1.80664    2.66349 
 0.0904967   -4.06926   -1.81548    2.66038 
 0.0908804   -4.08102   -1.82434    2.65727 
 0.0912663   -4.09281   -1.83322    2.65414 
 0.0916542   -4.10464   -1.84213    2.65101 
 0.0920442    -4.1165   -1.85107    2.64786 
 0.0924364   -4.12839   -1.86003    2.64471 
 0.0928307   -4.14032   -1.86902    2.64155 
 0.0932272   -4.15228   -1.87803    2.63838 
 0.0936258   -4.16427   -1.88707     2.6352 
 0.0940267   -4.17631   -1.89614    2.63201 
 0.0944297   -4.18837   -1.90523    2.62881 
  0.094835   -4.20047   -1.91435    2.62561 
 0.0952425   -4.21261    -1.9235    2.62239 
 0.0956523   -4.22478   -1.93267    2.61916 
 0.0960644   -4.23699   -1.94187    2.61593 
 0.0964787   -4.24923   -1.95109    2.61268 
 0.0968954   -4.26151   -1.96035    2.60943 
 0.0973144   -4.27382   -1.96963    2.60616 
 0.0977357   -4.28618   -1.97893    2.60289 
 0.0981595   -4.29856   -1.98827    2.59961 
 0.0985855   -4.31099   -1.99763    2.59631 
  0.099014   -4.32345   -2.00702    2.59301 
 0.0994449   -4.33595   -2.01644     2.5897 
 0.0998783   -4.34848   -2.02589    2.58637 
  0.100314   -4.36106   -2.03536    2.58304 
  0.100752   -4.37367   -2.04487     2.5797 
  0.101193   -4.38632    -2.0544    2.57634 
  0.101636     -4.399   -2.06396    2.57298 
  0.102082   -4.41173   -2.07355    2.56961 
  0.102531   -4.42449   -2.08317    2.56623 
  0.102981    -4.4373   -2.09282    2.56283 
  0.103435   -4.45014   -2.10249    2.55943 
  0.103891   -4.46302    -2.1122    2.55601 
   0.10435   -4.47594   -2.12193    2.55259 
  0.104811   -4.48889    -2.1317    2.54915 
  0.105275   -4.50189    -2.1415    2.54571 
  0.105742   -4.51493   -2.15132    2.54225 
  0.106212   -4.52801   -2.16118    2.53879 
  0.106684   -4.54113   -2.17106    2.53531 
  0.107159   -4.55429   -2.18098    2.53182 
  0.107636   -4.56749   -2.19093    2.52832 
  0.108117   -4.58073   -2.20091    2.52481 
    0.1086   -4.59401   -2.21092    2.52129 
  0.109087   -4.60734   -2.22096    2.51776 
  0.109576    -4.6207   -2.23103    2.51421 
  0.110067   -4.63411   -2.24113    2.51066 
  0.110562   -4.64756   -2.25127     2.5071 
   0.11106   -4.66105   -2.26143    2.50352 
  0.111561   -4.67458   -2.27163    2.49993 
  0.112065   -4.68816   -2.28186    2.49633 
  0.112571   -4.70178   -2.29213    2.49272 
  0.113081   -4.71544   -2.30242     2.4891 
  0.113594   -4.72914   -2.31275    2.48547 
   0.11411   -4.74289   -2.32311    2.48182 
  0.114629   -4.75669   -2.33351    2.47817 
  0.115151   -4.77052   -2.34394     2.4745 
  0.115676    -4.7844    -2.3544    2.47082 
  0.116204   -4.79833   -2.36489    2.46713 
  0.116736    -4.8123   -2.37542    2.46342 
  0.117271   -4.82632   -2.38598    2.45971 
  0.117809   -4.84038   -2.39658    2.45598 
   0.11835   -4.85449   -2.40721    2.45224 
  0.118895   -4.86864   -2.41788    2.44849 
  0.119443   -4.88284   -2.42858    2.44472 
  0.119994   -4.89708   -2.43931    2.44095 
  0.120549   -4.91137   -2.45008    2.43716 
  0.121107   -4.92571   -2.46089    2.43336 
  0.121668   -4.94009   -2.47173    2.42954 
  0.122233   -4.95453   -2.48261    2.42572 
  0.122802   -4.96901   -2.49352    2.42188 
  0.123374   -4.98353   -2.50447    2.41803 
   0.12395   -4.99811   -2.51545    2.41416 
  0.124529   -5.01273   -2.52647    2.41029 
  0.125112    -5.0274   -2.53753     2.4064 
  0.125698   -5.04213   -2.54862    2.40249 
  0.126288    -5.0569   -2.55976    2.39858 
  0.126882   -5.07172   -2.57092    2.39465 
   0.12748   -5.08658   -2.58213    2.39071 
  0.128081    -5.1015   -2.59337    2.38675 
  0.128686   -5.11647   -2.60465    2.38278 
  0.129295   -5.13149   -2.61597     2.3788 
  0.129908   -5.14656   -2.62733     2.3748 
  0.130524   -5.16169   -2.63873     2.3708 
  0.131145   -5.17686   -2.65016    2.36677 
   0.13177   -5.19208   -2.66164    2.36274 
  0.132398   -5.20736   -2.67315    2.35869 
  0.133031   -5.22269    -2.6847    2.35462 
  0.133667   -5.23807   -2.69629    2.35054 
  0.134308    -5.2535   -2.70793    2.34645 
  0.134953   -5.26899    -2.7196    2.34235 
  0.135602   -5.28453   -2.73131    2.33823 
  0.136255   -5.30012   -2.74306    2.33409 
  0.136913   -5.31577   -2.75485    2.32994 
  0.137575   -5.33147   -2.76669    2.32578 
  0.138241   -5.34723   -2.77856     2.3216 
  0.138911   -5.36304   -2.79048    2.31741 
  0.139586   -5.37891   -2.80244     2.3132 
  0.140265   -5.39483   -2.81444    2.30898 
  0.140949   -5.41081   -2.82648    2.30475 
  0.141637   -5.42684   -2.83856    2.30049 
   0.14233   -5.44293   -2.85069    2.29623 
  0.143027   -5.45908   -2.86286    2.29195 
  0.143729   -5.47528   -2.87507    2.28765 
  0.144435   -5.49154   -2.88733    2.28334 
  0.145147   -5.50786   -2.89963    2.27901 
  0.145863   -5.52424   -2.91197    2.27467 
  0.146583   -5.54067   -2.92436    2.27031 
  0.147309   -5.55717   -2.93679    2.26594 
  0.148039   -5.57372   -2.94926    2.26155 
  0.148775   -5.59033   -2.96178    2.25715 
  0.149515   -5.60701   -2.97435    2.25272 
   0.15026   -5.62374   -2.98696    2.24829 
  0.151011   -5.64053   -2.99962    2.24384 
  0.151766   -5.65739   -3.01232    2.23937 
  0.152527    -5.6743   -3.02507    2.23488 
  0.153292   -5.69128   -3.03786    2.23038 
  0.154063   -5.70832    -3.0507    2.22586 
  0.154839   -5.72542   -3.06359    2.22133 
  0.155621   -5.74258   -3.07653    2.21678 
  0.156408   -5.75981   -3.08951    2.21221 
    0.1572    -5.7771   -3.10254    2.20763 
  0.157998   -5.79445   -3.11562    2.20302 
  0.158801   -5.81187   -3.12875    2.19841 
   0.15961   -5.82935   -3.14192    2.19377 
  0.160424   -5.84689   -3.15515    2.18912 
  0.161244   -5.86451   -3.16842    2.18445 
   0.16207   -5.88218   -3.18174    2.17976 
  0.162902   -5.89993   -3.19512    2.17506 
  0.163739   -5.91774   -3.20854    2.17033 
  0.164582   -5.93561   -3.22201    2.16559 
  0.165432   -5.95356   -3.23554    2.16084 
  0.166287   -5.97157   -3.24911    2.15606 
  0.167148   -5.98965   -3.26274    2.15127 
  0.168015   -6.00779   -3.27641    2.14645 
  0.168889   -6.02601   -3.29014    2.14162 
  0.169768   -6.04429   -3.30392    2.13678 
  0.170654   -6.06265   -3.31776    2.13191 
  0.171546   -6.08107   -3.33164    2.12702 
  0.172445   -6.09957   -3.34558    2.12212 
   0.17335   -6.11813   -3.35958     2.1172 
  0.174261   -6.13677   -3.37362    2.11225 
  0.175179   -6.15548   -3.38773    2.10729 
  0.176104   -6.17426   -3.40188    2.10231 
  0.177036   -6.19312   -3.41609    2.09731 
  0.177974   -6.21204   -3.43036    2.09229 
  0.178919   -6.23104   -3.44468    2.08725 
   0.17987   -6.25012   -3.45905     2.0822 
  0.180829   -6.26927   -3.47349    2.07712 
  0.181795   -6.28849   -3.48797    2.07202 
  0.182768   -6.30779   -3.50252     2.0669 
  0.183748   -6.32716   -3.51712    2.06177 
  0.184735   -6.34662   -3.53178    2.05661 
  0.185729   -6.36614    -3.5465    2.05143 
  0.186731   -6.38575   -3.56128    2.04623 
   0.18774   -6.40543   -3.57611    2.04101 
  0.188757   -6.42519   -3.59101    2.03577 
  0.189781   -6.44503   -3.60596    2.03051 
  0.190813   -6.46495   -3.62097    2.02523 
  0.191853   -6.48495   -3.63604    2.01993 
    0.1929   -6.50502   -3.65118     2.0146 
  0.193956   -6.52518   -3.66637    2.00926 
  0.195019   -6.54542   -3.68163    2.00389 
   0.19609   -6.56574   -3.69694     1.9985 
  0.197169   -6.58615   -3.71232    1.99309 
  0.198257   -6.60663   -3.72776    1.98766 
  0.199353    -6.6272   -3.74326     1.9822 
  0.200457   -6.64786   -3.75883    1.97672 
  0.201569   -6.66859   -3.77446    1.97122 
   0.20269   -6.68942   -3.79016     1.9657 
   0.20382   -6.71032   -3.80591    1.96016 
  0.204958   -6.73132   -3.82174    1.95459 
  0.206105    -6.7524   -3.83762      1.949 
  0.207261   -6.77356   -3.85358    1.94339 
  0.208426   -6.79482    -3.8696    1.93775 
    0.2096   -6.81616   -3.88568    1.93209 
  0.210783   -6.83759   -3.90184    1.92641 
  0.211975   -6.85911   -3.91806     1.9207 
  0.213176   -6.88072   -3.93434    1.91497 
  0.214387   -6.90242    -3.9507    1.90922 
  0.215608   -6.92421   -3.96713    1.90344 
  0.216838   -6.94609   -3.98362    1.89763 
  0.218077   -6.96807   -4.00018    1.89181 
  0.219327   -6.99013   -4.01681    1.88595 
  0.220586    -7.0123   -4.03352    1.88008 
  0.221856   -7.03455   -4.05029    1.87418 
  0.223135    -7.0569   -4.06714    1.86825 
  0.224425   -7.07934   -4.08405     1.8623 
  0.225725   -7.10188   -4.10104    1.85632 
  0.227035   -7.12452   -4.11811    1.85031 
  0.228356   -7.14726   -4.13524    1.84429 
  0.229687   -7.17009   -4.15245    1.83823 
   0.23103   -7.19302   -4.16973    1.83215 
  0.232383   -7.21605   -4.18709    1.82604 
  0.233747   -7.23917   -4.20452    1.81991 
  0.235122    -7.2624   -4.22203    1.81375 
  0.236508   -7.28573   -4.23962    1.80756 
  0.237906   -7.30917   -4.25728    1.80135 
  0.239315    -7.3327   -4.27502     1.7951 
  0.240736   -7.35634   -4.29283    1.78884 
  0.242168   -7.38008   -4.31073    1.78254 
  0.243612   -7.40392    -4.3287    1.77622 
  0.245068   -7.42788   -4.34676    1.76986 
  0.246537   -7.45193   -4.36489    1.76348 
  0.248017   -7.47609    -4.3831    1.75708 
   0.24951   -7.50037   -4.40139    1.75064 
  0.251015   -7.52474   -4.41977    1.74417 
  0.252532   -7.54923   -4.43823    1.73768 
  0.254063   -7.57383   -4.45677    1.73115 
  0.255606   -7.59854   -4.47539     1.7246 
  0.257162   -7.62335    -4.4941    1.71802 
  0.258732   -7.64828   -4.51289    1.71141 
  0.260314   -7.67333   -4.53176    1.70477 
  0.261911   -7.69848   -4.55073    1.69809 
   0.26352   -7.72375   -4.56977    1.69139 
  0.265144   -7.74914   -4.58891    1.68466 
  0.266781   -7.77464   -4.60813     1.6779 
  0.268433   -7.80026   -4.62744     1.6711 
  0.270098   -7.82599   -4.64684    1.66428 
  0.271778   -7.85185   -4.66632    1.65742 
  0.273473   -7.87782    -4.6859    1.65053 
  0.275182   -7.90391   -4.70557    1.64361 
  0.276906   -7.93012   -4.72533    1.63666 
  0.278645   -7.95646   -4.74517    1.62967 
  0.280399   -7.98292   -4.76512    1.62266 
  0.282168    -8.0095   -4.78515    1.61561 
  0.283953    -8.0362   -4.80528    1.60853 
  0.285754   -8.06303    -4.8255    1.60141 
   0.28757   -8.08999   -4.84582    1.59426 
  0.289403   -8.11707   -4.86624    1.58708 
  0.291252   -8.14428   -4.88675    1.57986 
  0.293117   -8.17162   -4.90735    1.57261 
  0.294999   -8.19909   -4.92806    1.56532 
  0.296897   -8.22668   -4.94886      1.558 
  0.298813   -8.25442   -4.96976    1.55065 
  0.300746   -8.28228   -4.99076    1.54326 
  0.302696   -8.31027   -5.01187    1.53583 
  0.304664   -8.33841   -5.03307    1.52837 
   0.30665   -8.36667   -5.05438    1.52088 
  0.308653   -8.39507   -5.07579    1.51334 
  0.310675   -8.42361    -5.0973    1.50577 
  0.312715   -8.45229   -5.11891    1.49817 
  0.314774   -8.48111   -5.14064    1.49052 
  0.316852   -8.51007   -5.16246    1.48284 
  0.318949   -8.53917    -5.1844    1.47512 
  0.321065   -8.56841   -5.20644    1.46737 
    0.3232    -8.5978   -5.22859    1.45957 
  0.325356   -8.62733   -5.25085    1.45174 
  0.327531     -8.657   -5.27322    1.44387 
  0.329727   -8.68683    -5.2957    1.43596 
  0.331943    -8.7168   -5.31829    1.42801 
   0.33418   -8.74692   -5.34099    1.42002 
  0.336438   -8.77719   -5.36381    1.41199 
  0.338717   -8.80761   -5.38674    1.40392 
  0.341018   -8.83818   -5.40979    1.39582 
   0.34334   -8.86891   -5.43295    1.38767 
  0.345685   -8.89979   -5.45623    1.37947 
  0.348052   -8.93083   -5.47962    1.37124 
  0.350441   -8.96202   -5.50314    1.36297 
  0.352853   -8.99338   -5.52677    1.35465 
  0.355288   -9.02489   -5.55052    1.34629 
  0.357747   -9.05657    -5.5744    1.33789 
   0.36023    -9.0884    -5.5984    1.32945 
  0.362736    -9.1204   -5.62252    1.32096 
  0.365267   -9.15256   -5.64676    1.31243 
  0.367822   -9.18489   -5.67113    1.30385 
  0.370402   -9.21739   -5.69563    1.29523 
  0.373007   -9.25006   -5.72025    1.28657 
  0.375638   -9.28289     -5.745    1.27786 
  0.378295    -9.3159   -5.76988    1.26911 
  0.380978   -9.34908   -5.79489     1.2603 
  0.383688   -9.38243   -5.82003    1.25146 
  0.386424   -9.41596    -5.8453    1.24256 
  0.389188   -9.44966   -5.87071    1.23363 
  0.391979   -9.48354   -5.89625    1.22464 
  0.394798    -9.5176   -5.92192     1.2156 
  0.397645   -9.55185   -5.94773    1.20652 
  0.400521   -9.58627   -5.97368    1.19739 
  0.403425   -9.62088   -5.99977    1.18821 
   0.40636   -9.65567   -6.02599    1.17898 
  0.409323   -9.69065   -6.05236     1.1697 
  0.412317   -9.72582   -6.07887    1.16037 
  0.415342   -9.76118   -6.10552    1.15099 
  0.418398   -9.79673   -6.13232    1.14157 
  0.421484   -9.83247   -6.15926    1.13208 
  0.424603   -9.86841   -6.18635    1.12255 
  0.427754   -9.90454   -6.21359    1.11297 
  0.430937   -9.94087   -6.24097    1.10333 
  0.434153    -9.9774   -6.26851    1.09364 
  0.437403   -10.0141    -6.2962     1.0839 
  0.440687   -10.0511   -6.32404     1.0741 
  0.444005   -10.0882   -6.35203    1.06425 
  0.447357   -10.1255   -6.38018    1.05435 
  0.450745   -10.1631   -6.40849    1.04439 
  0.454169   -10.2009   -6.43695    1.03437 
  0.457629   -10.2388   -6.46557     1.0243 
  0.461126    -10.277   -6.49436    1.01417 
   0.46466   -10.3154    -6.5233    1.00398 
  0.468232    -10.354   -6.55241   0.993739 
  0.471842   -10.3929   -6.58168   0.983438 
  0.475491   -10.4319   -6.61112   0.973078 
  0.479179   -10.4712   -6.64073    0.96266 
  0.482908   -10.5107    -6.6705   0.952182 
  0.486676   -10.5504   -6.70045   0.941644 
  0.490486   -10.5904   -6.73057   0.931046 
  0.494337   -10.6306   -6.76086   0.920386 
   0.49823    -10.671   -6.79132   0.909666 
  0.502166   -10.7116   -6.82197   0.898883 
  0.506145   -10.7525   -6.85279   0.888037 
  0.510168   -10.7936   -6.88379   0.877128 
  0.514236    -10.835   -6.91497   0.866156 
  0.518349   -10.8766   -6.94633   0.855119 
  0.522507   -10.9185   -6.97788   0.844018 
  0.526713   -10.9606   -7.00961   0.832851 
  0.530965   -11.0029   -7.04153   0.821618 
  0.535265   -11.0455   -7.07364   0.810319 
  0.539614   -11.0883   -7.10594   0.798953 
  0.544012   -11.1315   -7.13843   0.787519 
   0.54846   -11.1748   -7.17112   0.776016 
  0.552958   -11.2184     -7.204   0.764445 
  0.557508   -11.2623   -7.23708   0.752803 
   0.56211   -11.3065   -7.27036   0.741092 
  0.566765   -11.3509   -7.30384    0.72931 
  0.571474   -11.3956   -7.33753   0.717456 
  0.576237   -11.4405   -7.37142   0.705531 
  0.581055   -11.4858   -7.40551   0.693532 
   0.58593   -11.5313   -7.43982    0.68146 
  0.590861   -11.5771   -7.47433   0.669314 
  0.595851   -11.6231   -7.50906   0.657093 
  0.600898   -11.6695     -7.544   0.644797 
  0.606006   -11.7161   -7.57916   0.632424 
  0.611174   -11.7631   -7.61454   0.619975 
  0.616403   -11.8103   -7.65014   0.607447 
  0.621695   -11.8578   -7.68596   0.594842 
  0.627049   -11.9056     -7.722   0.582157 
  0.632468   -11.9537   -7.75828   0.569393 
  0.637953   -12.0022   -7.79478   0.556548 
  0.643503   -12.0509   -7.83151   0.543621 
  0.649121   -12.0999   -7.86848   0.530613 
  0.654806   -12.1493   -7.90568   0.517522 
  0.660561   -12.1989   -7.94312   0.504347 
  0.666387   -12.2489   -7.98079   0.491087 
  0.672284   -12.2992   -8.01872   0.477742 
  0.678254   -12.3499   -8.05688   0.464311 
  0.684297   -12.4008    -8.0953   0.450793 
  0.690415   -12.4521   -8.13396   0.437187 
  0.696609   -12.5037   -8.17287   0.423493 
  0.702881   -12.5557   -8.21204   0.409709 
  0.709231    -12.608   -8.25147   0.395835 
  0.715661   -12.6606   -8.29115   0.381869 
  0.722172   -12.7136    -8.3311   0.367811 
  0.728766    -12.767   -8.37131    0.35366 
  0.735443   -12.8207   -8.41179   0.339416 
  0.742205   -12.8747   -8.45254   0.325076 
  0.749054   -12.9292   -8.49356    0.31064 
   0.75599   -12.9839   -8.53486   0.296107 
  0.763016   -13.0391   -8.57643   0.281477 
  0.770132   -13.0946   -8.61829   0.266748 
  0.777341   -13.1505   -8.66042   0.251919 
  0.784644   -13.2068   -8.70285   0.236989 
  0.792042   -13.2635   -8.74556   0.221957 
  0.799536   -13.3205   -8.78857   0.206823 
   0.80713    -13.378   -8.83187   0.191584 
  0.814823   -13.4358   -8.87547   0.176241 
  0.822619    -13.494   -8.91937   0.160791 
  0.830518   -13.5527   -8.96358   0.145234 
  0.838522   -13.6117   -9.00809   0.129569 
  0.846634   -13.6712   -9.05292   0.113794 
  0.854854   -13.7311   -9.09806  0.0979093 
  0.863186   -13.7914   -9.14351  0.0819125 
   0.87163   -13.8521   -9.18929  0.0658027 
  0.880189   -13.9133   -9.23539  0.0495789 
  0.888864   -13.9748   -9.28182  0.0332398 
  0.897659   -14.0369   -9.32858  0.0167841 
  0.906574   -14.0994   -9.37568 0.000210636 
  0.915611   -14.1623   -9.42311 -0.0164818 
  0.924774   -14.2257   -9.47089 -0.0332946 
  0.934065   -14.2895   -9.51901  -0.050229 
  0.943484   -14.3538   -9.56748 -0.0672863 
  0.953036   -14.4186    -9.6163 -0.0844679 
  0.962721   -14.4838   -9.66548  -0.101775 
  0.972544   -14.5495   -9.71502  -0.119209 
  0.982505   -14.6157   -9.76493  -0.136772 
  0.992608   -14.6824    -9.8152  -0.154464 
   1.00285   -14.7496   -9.86585  -0.172288 
   1.01325   -14.8173   -9.91687  -0.190244 
   1.02379   -14.8855   -9.96828  -0.208334 
   1.03449   -14.9542   -10.0201   -0.22656 
   1.04534   -15.0234   -10.0722  -0.244923 
   1.05634   -15.0931   -10.1248  -0.263425 
   1.06751   -15.1634   -10.1778  -0.282067 
   1.07884   -15.2342   -10.2312  -0.300852 
   1.09034   -15.3056    -10.285  -0.319779 
   1.10201   -15.3775   -10.3391  -0.338852 
   1.11385   -15.4499   -10.3938  -0.358071 
   1.12587   -15.5229   -10.4488  -0.377439 
   1.13807   -15.5965   -10.5043  -0.396957 
   1.15045   -15.6706   -10.5602  -0.416627 
   1.16301   -15.7454   -10.6165  -0.436451 
   1.17577   -15.8207   -10.6733   -0.45643 
   1.18872   -15.8966   -10.7305  -0.476566 
   1.20187   -15.9731   -10.7881  -0.496862 
   1.21522   -16.0502   -10.8463  -0.517319 
   1.22877   -16.1279   -10.9049  -0.537938 
   1.24254   -16.2063   -10.9639  -0.558723 
   1.25651   -16.2852   -11.0235  -0.579674 
   1.27071   -16.3648   -11.0835  -0.600795 
   1.28513   -16.4451    -11.144  -0.622086 
   1.29977    -16.526    -11.205   -0.64355 
   1.31464   -16.6076   -11.2665  -0.665189 
   1.32975   -16.6898   -11.3284  -0.687006 
    1.3451   -16.7727   -11.3909  -0.709001 
    1.3607   -16.8563    -11.454  -0.731179 
   1.37654   -16.9406   -11.5175   -0.75354 
   1.39264   -17.0256   -11.5816  -0.776087 
     1.409   -17.1113   -11.6462  -0.798823 
   1.42563   -17.1977   -11.7113  -0.821749 
   1.44252   -17.2849    -11.777  -0.844869 
    1.4597   -17.3728   -11.8433  -0.868184 
   1.47715   -17.4614   -11.9101  -0.891697 
    1.4949   -17.5508   -11.9775  -0.915411 
   1.51293   -17.6409   -12.0454  -0.939328 
   1.53127   -17.7319    -12.114  -0.963451 
   1.54992   -17.8236   -12.1831  -0.987782 
   1.56888   -17.9161   -12.2528   -1.01232 
   1.58816   -18.0094   -12.3232   -1.03708 
   1.60777   -18.1035   -12.3942   -1.06205 
   1.62771   -18.1985   -12.4657   -1.08724 
   1.64799   -18.2943    -12.538   -1.11266 
   1.66863   -18.3909   -12.6108    -1.1383 
   1.68961   -18.4884   -12.6843   -1.16417 
   1.71097   -18.5868   -12.7585   -1.19027 
   1.73269   -18.6861   -12.8333    -1.2166 
    1.7548   -18.7862   -12.9088   -1.24317 
   1.77729   -18.8873    -12.985   -1.26998 
   1.80018   -18.9893   -13.0619   -1.29704 
   1.82348   -19.0922   -13.1394   -1.32434 
    1.8472   -19.1961   -13.2177   -1.35189 
   1.87134   -19.3009   -13.2968    -1.3797 
   1.89591   -19.4067   -13.3765   -1.40777 
   1.92093   -19.5134    -13.457    -1.4361 
   1.94641   -19.6212   -13.5382   -1.46469 
   1.97235     -19.73   -13.6202   -1.49355 
   1.99877   -19.8398    -13.703   -1.52268 
   2.02567   -19.9507   -13.7866   -1.55209 
   2.05308   -20.0626    -13.871   -1.58178 
   2.08099   -20.1756   -13.9561   -1.61175 
   2.10943   -20.2896   -14.0421   -1.64201 
    2.1384   -20.4048   -14.1289   -1.67257 
   2.16792   -20.5211   -14.2166   -1.70342 
     2.198   -20.6385   -14.3051   -1.73457 
   2.22866   -20.7571   -14.3945   -1.76602 
   2.25991   -20.8768   -14.4848   -1.79779 
   2.29175   -20.9977   -14.5759   -1.82987 
   2.32422   -21.1199    -14.668   -1.86227 
   2.35732   -21.2432    -14.761   -1.89499 
   2.39107   -21.3678   -14.8549   -1.92805 
   2.42548   -21.4936   -14.9497   -1.96143 
   2.46057   -21.6207   -15.0456   -1.99516 
   2.49636   -21.7492   -15.1424   -2.02922 
   2.53287   -21.8789   -15.2402   -2.06364 
   2.57011     -22.01    -15.339   -2.09841 
   2.60811   -22.1424   -15.4388   -2.13354 
   2.64688   -22.2762   -15.5397   -2.16904 
   2.68644   -22.4114   -15.6416   -2.20491 
   2.72681    -22.548   -15.7446   -2.24115 
   2.76802   -22.6861   -15.8486   -2.27778 
   2.81008   -22.8256   -15.9538    -2.3148 
   2.85302   -22.9666   -16.0601   -2.35221 
   2.89687   -23.1091   -16.1676   -2.39003 
   2.94164   -23.2532   -16.2762   -2.42825 
   2.98736   -23.3988    -16.386   -2.46688 
   3.03405   -23.5461    -16.497   -2.50594 
   3.08175   -23.6949   -16.6092   -2.54543 
   3.13048   -23.8454   -16.7226   -2.58535 
   3.18027   -23.9975   -16.8373   -2.62572 
   3.23114   -24.1514   -16.9533   -2.66653 
   3.28314   -24.3069   -17.0705    -2.7078 
   3.33628   -24.4643   -17.1891   -2.74954 
    3.3906   -24.6234   -17.3091   -2.79175 
   3.44614   -24.7843   -17.4304   -2.83444 
   3.50292   -24.9471   -17.5531   -2.87763 
   3.56099   -25.1117   -17.6772   -2.92131 
   3.62038   -25.2782   -17.8028   -2.96549 
   3.68113   -25.4467   -17.9298   -3.01019 
   3.74328   -25.6172   -18.0583   -3.05542 
   3.80687   -25.7897   -18.1883   -3.10118 
   3.87194   -25.9642   -18.3199   -3.14749 
   3.93854   -26.1409    -18.453   -3.19434 
   4.00671   -26.3196   -18.5878   -3.24176 
    4.0765   -26.5005   -18.7241   -3.28976 
   4.14796   -26.6836   -18.8622   -3.33834 
   4.22113   -26.8689   -19.0019   -3.38751 
   4.29608   -27.0566   -19.1433   -3.43729 
   4.37285   -27.2465   -19.2865   -3.48768 
    4.4515   -27.4388   -19.4315    -3.5387 
   4.53209   -27.6336   -19.5783   -3.59037 
   4.61469   -27.8308    -19.727   -3.64268 
   4.69935   -28.0305   -19.8775   -3.69567 
   4.78613   -28.2327     -20.03   -3.74933 
   4.87512   -28.4376   -20.1844   -3.80368 
   4.96638   -28.6451   -20.3409   -3.85873 
   5.05997   -28.8553   -20.4993    -3.9145 
   5.15599   -29.0683   -20.6599   -3.97101 
   5.25451   -29.2841   -20.8226   -4.02826 
    5.3556   -29.5028   -20.9874   -4.08628 
   5.45937   -29.7244   -21.1545   -4.14507 
   5.56589    -29.949   -21.3238   -4.20466 
   5.67526   -30.1766   -21.4954   -4.26505 
   5.78758   -30.4074   -21.6694   -4.32627 
   5.90295   -30.6414   -21.8457   -4.38834 
   6.02147   -30.8785   -22.0245   -4.45127 
   6.14325   -31.1191   -22.2058   -4.51508 
   6.26842    -31.363   -22.3897   -4.57978 
   6.39708   -31.6103   -22.5762   -4.64541 
   6.52936   -31.8612   -22.7653   -4.71197 
    6.6654   -32.1157   -22.9572   -4.77949 
   6.80532   -32.3739   -23.1518   -4.84799 
   6.94928   -32.6359   -23.3493   -4.91749 
   7.09741   -32.9017   -23.5497   -4.98802 
   7.24988   -33.1715    -23.753   -5.05959 
   7.40684   -33.4453   -23.9595   -5.13224 
   7.56847   -33.7232    -24.169   -5.20597 
   7.73494   -34.0054   -24.3817   -5.28083 
   7.90644   -34.2919   -24.5977   -5.35684 
   8.08316   -34.5828    -24.817   -5.43402 
    8.2653   -34.8782   -25.0397   -5.51241 
   8.45308   -35.1783   -25.2659   -5.59202 
   8.64672   -35.4832   -25.4957    -5.6729 
   8.84646   -35.7929   -25.7292   -5.75507 
   9.05255   -36.1076   -25.9664   -5.83856 
   9.26523   -36.4274   -26.2075   -5.92341 
   9.48478   -36.7525   -26.4526   -6.00965 
   9.71149   -37.0829   -26.7017   -6.09732 
   9.94566   -37.4189   -26.9549   -6.18645 
   10.1876   -37.7605   -27.2125   -6.27708 
   10.4376   -38.1079   -27.4744   -6.36926 
   10.6961   -38.4613   -27.7408   -6.46301 
   10.9635   -38.8208   -28.0118   -6.55839 
     11.24   -39.1866   -28.2876   -6.65545 
   11.5261   -39.5589   -28.5682   -6.75421 
   11.8223   -39.9378   -28.8539   -6.85474 
    12.129   -40.3236   -29.1447   -6.95708 
   12.4467   -40.7164   -29.4408   -7.06129 
   12.7759   -41.1164   -29.7423   -7.16742 
   13.1171   -41.5238   -30.0495   -7.27551 
   13.4709   -41.9389   -30.3624   -7.38564 
   13.8379   -42.3619   -30.6813   -7.49787 
   14.2188   -42.7931   -31.0063   -7.61225 
   14.6142   -43.2326   -31.3376   -7.72885 
   15.0248   -43.6807   -31.6754   -7.84775 
   15.4515   -44.1378     -32.02   -7.96901 
    15.895    -44.604   -32.3715   -8.09271 
   16.3561   -45.0798   -32.7301   -8.21893 
   16.8359   -45.5654   -33.0962   -8.34776 
   17.3353   -46.0611   -33.4699   -8.47927 
   17.8554   -46.5673   -33.8515   -8.61357 
   18.3972   -47.0843   -34.2413   -8.75075 
    18.962   -47.6126   -34.6395   -8.89091 
   19.5511   -48.1525   -35.0465   -9.03415 
   20.1658   -48.7045   -35.4626    -9.1806 
   20.8077    -49.269   -35.8882   -9.33036 
   21.4782   -49.8465   -36.3235   -9.48357 
   22.1791   -50.4375    -36.769   -9.64036 
   22.9123   -51.0424   -37.2251   -9.80086 
   23.6797    -51.662   -37.6921   -9.96523 
   24.4835   -52.2967   -38.1706   -10.1336 
   25.3259   -52.9473    -38.661   -10.3062 
   26.2096   -53.6143   -39.1639   -10.4832 
   27.1372   -54.2986   -39.6797   -10.6647 
   28.1116   -55.0008   -40.2091    -10.851 
   29.1362   -55.7219   -40.7527   -11.0423 
   30.2143   -56.4627   -41.3111   -11.2389 
     31.35   -57.2241   -41.8851   -11.4409 
   32.5474   -58.0073   -42.4755   -11.6487 
   33.8111   -58.8133   -43.0832   -11.8625 
   35.1463   -59.6434   -43.7089   -12.0828 
   36.5587   -60.4989   -44.3539   -12.3097 
   38.0546   -61.3813    -45.019   -12.5438 
   39.6409   -62.2921   -45.7057   -12.7855 
   41.3256   -63.2332   -46.4151   -13.0351 
   43.1174   -64.2064   -47.1488   -13.2933 
   45.0263    -65.214   -47.9083   -13.5607 
   47.0635   -66.2584   -48.6957   -13.8378 
    49.242   -67.3425   -49.5129   -14.1254 
   51.5766   -68.4692   -50.3623   -14.4243 
   54.0844   -69.6423   -51.2466   -14.7355 
   56.7855   -70.8659    -52.169   -15.0602 
   59.7037    -72.145   -53.1333   -15.3995 
   62.8673   -73.4854   -54.1438   -15.7551 
    66.311   -74.8943   -55.2059   -16.1289 
   70.0775   -76.3805   -56.3262   -16.5232 
   74.2211   -77.9552   -57.5133    -16.941 
   78.8132   -79.6332   -58.7782   -17.3862 
    83.951    -81.435   -60.1366   -17.8642 
    89.776   -83.3909    -61.611   -18.3831 
   96.5146   -85.5506   -63.2391   -18.9561 
       100   -86.6289    -64.052   -19.2422 
