       0.1    899.774    10.1258   0.100625 
  0.317598    899.271    10.4047   0.323955 
   0.67032    898.429    10.8724   0.699028 
   1.14438    897.237    11.5329    1.22967 
   1.70893    895.727    12.3694    1.90361 
   2.33024    893.941    13.3568    2.70172 
   2.97952    891.928    14.4684    3.60371 
   3.63551    889.729    15.6802    4.59111 
   4.28408     887.38    16.9717    5.64846 
   4.91674    884.909    18.3271    6.76357 
   5.52898    882.339    19.7342    7.92727 
   6.11892    879.683    21.1841    9.13289 
   6.68631    876.954    22.6705    10.3757 
   7.23183    874.159    24.1887    11.6527 
   7.75664    871.303    25.7358    12.9616 
   8.26214    868.389    27.3095    14.3013 
   8.74977     865.42    28.9085     15.671 
   9.22095    862.398    30.5317    17.0705 
   9.67702    859.322    32.1784    18.4996 
   10.1192    856.193    33.8482    19.9586 
   10.5486    853.012    35.5407    21.4477 
   10.9663    849.777    37.2557    22.9673 
   11.3732    846.489    38.9929    24.5178 
   11.7701    843.148    40.7523    26.0998 
   12.1578    839.753    42.5337    27.7138 
    12.537    836.303    44.3369    29.3604 
   12.9084    832.798     46.162    31.0402 
   13.2725    829.237    48.0087    32.7539 
   13.6298    825.621     49.877    34.5022 
   13.9808    821.947    51.7668    36.2859 
   14.3261    818.216    53.6781    38.1057 
   14.6659    814.427    55.6108    39.9624 
   15.0008    810.578    57.5648     41.857 
   15.3311     806.67      59.54    43.7905 
   15.6571      802.7    61.5364    45.7637 
   15.9792    798.668    63.5541    47.7777 
   16.2976    794.574    65.5928    49.8337 
   16.6127    790.415    67.6526    51.9327 
   16.9248     786.19    69.7335    54.0762 
   17.2341    781.899    71.8354    56.2652 
   17.5409     777.54    73.9583    58.5014 
   17.8455    773.112    76.1023    60.7861 
    18.148    768.612    78.2672     63.121 
   18.4488    764.039     80.453    65.5076 
    18.748    759.392    82.6599    67.9478 
   19.0459    754.669    84.8876    70.4435 
   19.3428    749.867    87.1363    72.9967 
   19.6388    744.985    89.4058    75.6096 
   19.9342    740.019    91.6963    78.2843 
   20.2292    734.969    94.0075    81.0234 
   20.5241    729.831    96.3394    83.8294 
    20.819    724.603     98.692     86.705 
   21.1142    719.282    101.065    89.6532 
   21.4099    713.865    103.458    92.6771 
   21.7064    708.348    105.872    95.7799 
   22.0038     702.73    108.305    98.9652 
   22.3025    697.006    110.758    102.237 
   22.6026    691.173    113.229    105.598 
   22.9045    685.228    115.719    109.053 
   23.2083    679.167    118.226    112.607 
   23.5142    672.987     120.75    116.263 
   23.8227    666.685    123.288    120.026 
   24.1337    660.258    125.841    123.901 
   24.4476    653.704    128.405    127.891 
   24.7646     647.02    130.978    132.002 
   25.0848    640.205    133.557    136.237 
   25.4083    633.261    136.139      140.6 
   25.7352    626.187     138.72    145.093 
   26.0654    618.989    141.293    149.717 
    26.399    611.672    143.854    154.474 
   26.7358    604.244    146.395    159.361 
   27.0753    596.718    148.908    164.374 
   27.4172    589.107    151.384    169.509 
    27.761    581.431    153.814    174.755 
   28.1059     573.71    156.188    180.102 
   28.4513    565.967    158.496    185.537 
   28.7963    558.228    160.728    191.044 
   29.1401    550.518    162.875    196.607 
   29.4818    542.861    164.929     202.21 
   29.8208    535.281    166.885    207.834 
   30.1564    527.797    168.737    213.467 
   30.4881    520.425    170.482    219.093 
   30.8155    513.179     172.12    224.701 
   31.1383    506.068    173.649    230.283 
   31.4564    499.097    175.072    235.831 
   31.7699    492.271     176.39     241.34 
   32.0787    485.589    177.605    246.806 
    32.383     479.05    178.721    252.229 
   32.6831    472.651    179.741    257.608 
   32.9791    466.389    180.668    262.944 
   33.2714    460.258    181.505    268.236 
   33.5601    454.254    182.257    273.489 
   33.8457    448.372    182.926    278.703 
   34.1283    442.605    183.514    283.881 
   34.4082    436.949    184.026    289.025 
   34.6857    431.398    184.463    294.139 
   34.9611    425.948    184.827    299.225 
   35.2347    420.593    185.121    304.286 
   35.5066     415.33    185.347    309.323 
   35.7771    410.153    185.507     314.34 
   36.0465    405.059    185.602    319.339 
    36.315    400.045    185.633    324.322 
   36.5827    395.106    185.603    329.291 
   36.8498    390.239    185.512    334.249 
   37.1166    385.442    185.361    339.197 
   37.3833    380.711    185.152    344.137 
   37.6499    376.044    184.885    349.071 
   37.9168    371.438    184.561    354.001 
    38.184    366.891    184.181    358.928 
   38.4517    362.401    183.746    363.853 
   38.7201    357.967    183.255    368.778 
   38.9892    353.585    182.711    373.704 
   39.2594    349.256    182.112    378.633 
   39.5307    344.976     181.46    383.565 
   39.8032    340.745    180.754    388.501 
   40.0772    336.562    179.996    393.442 
   40.3527    332.425    179.186     398.39 
   40.6298    328.333    178.323    403.344 
   40.9087    324.285    177.409    408.306 
   41.1896    320.282    176.443    413.275 
   41.4725    316.321    175.426    418.253 
   41.7576    312.402    174.358     423.24 
    42.045    308.525     173.24    428.236 
   42.3349    304.689    172.071     433.24 
   42.6273    300.894    170.852    438.254 
   42.9223    297.139    169.584    443.276 
   43.2202    293.425    168.267    448.308 
   43.5209    289.752      166.9    453.348 
   43.8246    286.118    165.486    458.396 
   44.1315    282.525    164.024    463.452 
   44.4416    278.971    162.514    468.515 
    44.755    275.459    160.958    473.584 
   45.0718    271.986    159.355    478.658 
   45.3922    268.555    157.708    483.738 
   45.7162    265.164    156.016     488.82 
    46.044    261.814     154.28    493.906 
   46.3755    258.506    152.502    498.992 
   46.7111     255.24    150.681    504.078 
   47.0506    252.016     148.82    509.163 
   47.3943    248.835     146.92    514.245 
   47.7421    245.697    144.981    519.323 
   48.0943    242.602    143.005    524.394 
   48.4509     239.55    140.993    529.457 
    48.812    236.542    138.946    534.512 
   49.1777    233.579    136.866    539.555 
   49.5481     230.66    134.755    544.585 
   49.9232    227.787    132.613      549.6 
   50.3033    224.958    130.443    554.599 
   50.6884    222.174    128.246     559.58 
   51.0786    219.436    126.023    564.541 
   51.4741    216.743    123.777     569.48 
   51.8749    214.096    121.508    574.396 
   52.2812    211.494    119.219    579.287 
   52.6932    208.938    116.911    584.151 
    53.111    206.428    114.585    588.987 
   53.5348    203.963    112.245    593.793 
   53.9647    201.543     109.89    598.568 
    54.401    199.168    107.523     603.31 
   54.8437    196.838    105.145    608.017 
   55.2932    194.552    102.758     612.69 
   55.7497     192.31    100.364    617.325 
   56.2134    190.113    97.9643    621.923 
   56.6845    187.959      95.56    626.481 
   57.1634    185.848    93.1528    630.999 
   57.6503     183.78    90.7443    635.476 
   58.1456    181.754    88.3359     639.91 
   58.6496     179.77    85.9291    644.301 
   59.1626    177.827    83.5253    648.647 
   59.6852    175.926    81.1259    652.948 
   60.2176    174.064    78.7323    657.203 
   60.7603    172.243    76.3458    661.411 
   61.3139    170.461    73.9677    665.571 
   61.8789    168.719    71.5995    669.682 
   62.4557    167.014    69.2424    673.743 
   63.0451    165.348    66.8977    677.754 
   63.6476     163.72    64.5668    681.713 
    64.264    162.129    62.2507    685.621 
    64.895    160.574     59.951    689.475 
   65.5414    159.056    57.6688    693.276 
   66.2041    157.573    55.4054    697.021 
   66.8842    156.127    53.1621    700.711 
   67.5825    154.715    50.9402    704.345 
   68.3003    153.338     48.741    707.921 
   69.0389    151.996    46.5657    711.439 
   69.7994    150.687    44.4158    714.897 
   70.5835    149.413    42.2926    718.294 
   71.3928    148.172    40.1975     721.63 
    72.229    146.965    38.1318    724.903 
   73.0942    145.791    36.0971    728.112 
   73.9906     144.65    34.0947    731.255 
   74.9205    143.542    32.1263    734.332 
   75.8869    142.466    30.1934     737.34 
   76.8926    141.424    28.2976    740.279 
   77.9412    140.414    26.4406    743.145 
   79.0366    139.437    24.6243    745.939 
   80.1833    138.493    22.8504    748.657 
   81.3862    137.582    21.1208    751.298 
   82.6513    136.704    19.4377    753.859 
   83.9853    135.859    17.8031    756.338 
    85.396    135.048    16.2193    758.732 
   86.8926    134.272    14.6888    761.039 
    88.486     133.53    13.2141    763.256 
   90.1891    132.823    11.7979    765.379 
   92.0176    132.153    10.4431    767.404 
   93.9905    131.518    9.15301    769.329 
   96.1312    130.922    7.93087    771.147 
   98.4691    130.364    6.78039    772.856 
   101.041    129.846     5.7055    774.448 
   103.896    129.369    4.71046     775.92 
   107.098    128.935    3.79987    777.265 
   110.732    128.546     2.9786    778.476 
    114.92    128.202    2.25182    779.546 
   119.837    127.907    1.62478    780.468 
   125.747    127.662    1.10254    781.236 
   133.079    127.469   0.689346    781.842 
   142.576    127.328   0.387498    782.285 
       150    127.259   0.240987      782.5 
