-3 -0.0476791 -0.133434
-2.93939 -0.0528946 -0.110683
-2.87879 -0.0534544 -0.0862711
-2.81818 -0.0487023 -0.0606863
-2.75758 -0.0384322 -0.0345051
-2.69697 -0.0229677 -0.0083998
-2.63636 -0.00319691 0.0168561
-2.57576 0.0194436 0.0403835
-2.51515 0.0430433 0.0612001
-2.45455 0.0653486 0.0782344
-2.39394 0.083946 0.0903594
-2.33333 0.0964846 0.0964527
-2.27273 0.100921 0.0954898
-2.21212 0.0957633 0.0866722
-2.15152 0.0802955 0.0695854
-2.09091 0.0547468 0.0443723
-2.0303 0.0203915 0.0118985
-1.9697 -0.0204449 -0.0261234
-1.90909 -0.0644844 -0.0670892
-1.84848 -0.107704 -0.107572
-1.78788 -0.145644 -0.143527
-1.72727 -0.173804 -0.17064
-1.66667 -0.188086 -0.184793
-1.60606 -0.185264 -0.182593
-1.54545 -0.163418 -0.161898
-1.48485 -0.122296 -0.122253
-1.42424 -0.0635571 -0.0651509
-1.36364 0.0091531 0.00591211
-1.30303 0.0903111 0.0856289
-1.24242 0.172831 0.167267
-1.18182 0.248576 0.243195
-1.12121 0.309045 0.305466
-1.06061 0.346178 0.346394
-1 0.353227 0.3591
-0.939394 0.325606 0.338057
-0.878788 0.261629 0.279709
-0.818182 0.163056 0.183236
-0.757576 0.0353561 0.0514602
-0.69697 -0.112361 -0.108243
-0.636364 -0.267796 -0.283332
-0.575758 -0.416287 -0.45621
-0.515152 -0.541983 -0.605474
-0.454545 -0.629287 -0.708503
-0.393939 -0.664456 -0.745209
-0.333333 -0.63723 -0.702273
-0.272727 -0.542312 -0.576853
-0.212121 -0.380538 -0.378612
-0.151515 -0.159587 -0.129245
-0.0909091 0.10591 0.14069
-0.030303 0.394953 0.397043
0.030303 0.641387 0.60817
0.0909091 0.780602 0.750358
0.151515 0.834275 0.811273
0.212121 0.807382 0.790779
0.272727 0.711519 0.699281
0.333333 0.563113 0.554377
0.393939 0.381404 0.376948
0.454545 0.186406 0.187695
0.515152 -0.00296389 0.00476666
0.575758 -0.170452 -0.157393
0.636364 -0.303612 -0.28825
0.69697 -0.394481 -0.380891
0.757576 -0.439779 -0.431674
0.818182 -0.440667 -0.44005
0.878788 -0.402134 -0.408565
0.939394 -0.332118 -0.342852
1 -0.240462 -0.251394
1.06061 -0.137813 -0.144865
1.12121 -0.0345855 -0.0350356
1.18182 0.0599442 0.0666279
1.24242 0.138334 0.150401
1.30303 0.195433 0.209484
1.36364 0.228576 0.240687
1.42424 0.23754 0.244487
1.48485 0.224287 0.224502
1.54545 0.192534 0.186534
1.60606 0.147226 0.137418
1.66667 0.0939548 0.083925
1.72727 0.038381 0.0319022
1.78788 -0.0142734 -0.0142502
1.84848 -0.0596435 -0.0517499
1.90909 -0.0945127 -0.0793195
1.9697 -0.116968 -0.0968899
2.0303 -0.126424 -0.105228
2.09091 -0.12352 -0.105576
2.15152 -0.109926 -0.0993575
2.21212 -0.0880759 -0.0879721
2.27273 -0.0608613 -0.0726812
2.33333 -0.0313229 -0.0545601
2.39394 -0.00236154 -0.0344974
2.45455 0.0235044 -0.0132205
2.51515 0.0443205 0.00867186
2.57576 0.0588058 0.0306778
2.63636 0.0663905 0.0523671
2.69697 0.0671856 0.0733649
2.75758 0.0618952 0.0933412
2.81818 0.0516861 0.112007
2.87879 0.0380307 0.129115
2.93939 0.0225407 0.144455
3 0.00680775 0.157864
