-3 0.359368 -0.133434 -0.274999 -0.0476791
-2.9375 0.391169 -0.109943 -0.282615 -0.052987
-2.875 0.415131 -0.0847009 -0.288706 -0.0533177
-2.8125 0.429673 -0.0582475 -0.293177 -0.0479729
-2.75 0.433116 -0.031223 -0.295975 -0.0367705
-2.6875 0.423667 -0.00437648 -0.297084 -0.0201321
-2.625 0.399433 0.0214274 -0.296543 0.000881349
-2.5625 0.358507 0.0452048 -0.294448 0.0245981
-2.5 0.299162 0.0658567 -0.290958 0.0488341
-2.4375 0.220171 0.08219 -0.286305 0.0710585
-2.375 0.121294 0.0929626 -0.2808 0.0886196
-2.3125 0.00388726 0.0969641 -0.274826 0.0990127
-2.25 -0.12842 0.0931361 -0.268843 0.100168
-2.1875 -0.269121 0.0807344 -0.263363 0.0907328
-2.125 -0.40847 0.0595219 -0.258935 0.0703079
-2.0625 -0.533579 0.0299706 -0.256097 0.0396215
-2 -0.629157 -0.00656093 -0.255335 0.000598953
-1.9375 -0.678996 -0.0477202 -0.257015 -0.0436836
-1.875 -0.668154 -0.0901685 -0.261327 -0.0891763
-1.8125 -0.585621 -0.129741 -0.268226 -0.13116
-1.75 -0.427032 -0.16178 -0.277388 -0.164665
-1.6875 -0.196889 -0.181622 -0.288194 -0.184966
-1.625 0.0902736 -0.185197 -0.299751 -0.18813
-1.5625 0.410246 -0.169649 -0.310944 -0.171534
-1.5 0.731156 -0.133894 -0.320535 -0.134327
-1.4375 1.01697 -0.0789862 -0.32728 -0.0777571
-1.375 1.23185 -0.00825369 -0.330077 -0.00531388
-1.3125 1.34463 0.0728621 -0.328094 0.077345
-1.25 1.33237 0.157213 -0.320901 0.162713
-1.1875 1.18253 0.236534 -0.308547 0.241993
-1.125 0.893552 0.302122 -0.29162 0.305871
-1.0625 0.474409 0.345509 -0.271245 0.345442
-1 -0.0559206 0.3591 -0.249053 0.353227
-0.9375 -0.667867 0.33681 -0.227107 0.324157
-0.875 -1.3191 0.274787 -0.207782 0.256444
-0.8125 -1.95144 0.172304 -0.193604 0.152206
-0.75 -2.4891 0.0328184 -0.187019 0.017762
-0.6875 -2.84147 -0.134978 -0.190096 -0.136489
-0.625 -2.91373 -0.31652 -0.204181 -0.296636
-0.5625 -2.62613 -0.491668 -0.22953 -0.446287
-0.5 -1.93945 -0.636426 -0.265007 -0.56799
-0.4375 -0.879491 -0.726267 -0.307937 -0.644968
-0.375 0.448939 -0.740716 -0.354213 -0.66301
-0.3125 1.86718 -0.668245 -0.398706 -0.612333
-0.25 3.15081 -0.510123 -0.435949 -0.489222
-0.1875 4.07616 -0.281895 -0.461002 -0.29724
-0.125 4.47306 -0.0116804 -0.470306 -0.0478112
-0.0625 4.2675 0.264604 -0.462335 0.239958
0 3.50017 0.50998 -0.437879 0.540302
0.0625 2.31449 0.693364 -0.399887 0.726011
0.125 0.918625 0.794903 -0.352923 0.82117
0.1875 -0.465584 0.80846 -0.302366 0.82741
0.25 -1.65031 0.740908 -0.253562 0.75459
0.3125 -2.51273 0.608938 -0.211099 0.618892
0.375 -3.00349 0.434604 -0.178328 0.44055
0.4375 -3.13551 0.241003 -0.157173 0.241459
0.5 -2.96168 0.049048 -0.148166 0.0429043
0.5625 -2.55173 -0.124288 -0.150651 -0.136382
0.625 -1.97571 -0.266463 -0.16305 -0.28169
0.6875 -1.2971 -0.369119 -0.183133 -0.383258
0.75 -0.573447 -0.427664 -0.208268 -0.43661
0.8125 0.139587 -0.441021 -0.235647 -0.44236
0.875 0.785756 -0.411609 -0.262502 -0.405558
0.9375 1.31003 -0.345346 -0.286328 -0.334688
1 1.66496 -0.251394 -0.305092 -0.240462
1.0625 1.81932 -0.141421 -0.317418 -0.134544
1.125 1.76579 -0.0283299 -0.322705 -0.028335
1.1875 1.52443 0.0753715 -0.321156 0.0680766
1.25 1.14031 0.159238 -0.313699 0.146715
1.3125 0.675544 0.216227 -0.301814 0.202224
1.375 0.197816 0.243416 -0.287294 0.232067
1.4375 -0.231566 0.241972 -0.271986 0.236434
1.5 -0.567218 0.216438 -0.257551 0.217906
1.5625 -0.784813 0.173545 -0.245294 0.180927
1.625 -0.881268 0.120872 -0.236062 0.131165
1.6875 -0.870829 0.0656207 -0.230237 0.0748334
1.75 -0.778723 0.0137225 -0.227788 0.0180368
1.8125 -0.634325 -0.0306316 -0.228364 -0.0337935
1.875 -0.46541 -0.0650613 -0.231409 -0.0763345
1.9375 -0.29439 -0.088769 -0.236272 -0.106651
2 -0.136705 -0.102143 -0.242289 -0.123308
2.0625 -0.00100328 -0.106319 -0.248848 -0.126335
2.125 0.109565 -0.102794 -0.255419 -0.117047
2.1875 0.195599 -0.0931358 -0.26157 -0.0977698
2.25 0.259764 -0.0788005 -0.266964 -0.0715022
2.3125 0.305488 -0.0610494 -0.271349 -0.0415523
2.375 0.336111 -0.0409288 -0.274545 -0.011188
2.4375 0.354465 -0.0192907 -0.276433 0.0166675
2.5 0.362746 0.0031699 -0.27694 0.0396721
2.5625 0.362585 0.025877 -0.276032 0.0562179
2.625 0.355183 0.0483424 -0.27371 0.0654976
2.6875 0.341465 0.0701434 -0.270003 0.0674866
2.75 0.322215 0.0909103 -0.264964 0.0628531
2.8125 0.298159 0.11032 -0.258668 0.052814
2.875 0.270028 0.128095 -0.251208 0.0389548
2.9375 0.238574 0.144004 -0.242695 0.0230364
3 0.204585 0.157864 -0.23325 0.00680775
