 0.0939419  0.0939419   0.995587 
  0.184285   0.183503   0.983037 
  0.272599   0.269603   0.962998 
   0.35981   0.352563   0.935823 
  0.446481   0.432347   0.901752 
  0.532957    0.50871   0.860993 
  0.619452   0.581279   0.813771 
  0.706104   0.649611   0.760347 
  0.792999   0.713229   0.701028 
  0.880196   0.771645   0.636172 
  0.967734   0.824378   0.566186 
   1.05564   0.870964    0.49153 
   1.14394    0.91097   0.412711 
   1.23264   0.943995    0.33028 
   1.32177   0.969682   0.244833 
   1.41133   0.987721   0.157005 
   1.50134   0.997852  0.0674644 
   1.59181   0.999871  -0.023088 
   1.68275   0.993637  -0.113925 
   1.77419   0.979067  -0.204298 
   1.86612   0.956149  -0.293441 
   1.95856   0.924936  -0.380578 
   2.05153   0.885555  -0.464927 
   2.14505   0.838204  -0.545709 
   2.23913   0.783156   -0.62215 
   2.33378   0.720759  -0.693492 
   2.42903   0.651434  -0.758998 
    2.5249   0.575681   -0.81796 
   2.62139   0.494069  -0.869703 
   2.71855   0.407243  -0.913599 
   2.81638   0.315916  -0.949068 
   2.91491   0.220867  -0.975589 
   3.01417   0.122942  -0.992706 
   3.11419  0.0230409   -1.00004 
   3.21499 -0.0778794  -0.997279 
    3.3166  -0.178816  -0.984217 
   3.41906  -0.278723  -0.960728 
   3.52241  -0.376524  -0.926792 
   3.62669  -0.471116  -0.882493 
   3.73192  -0.561379  -0.828027 
   3.83817  -0.646188  -0.763706 
   3.94548  -0.724422  -0.689966 
   4.05391  -0.794974  -0.607364 
   4.16351  -0.856767  -0.516585 
   4.27435  -0.908763  -0.418447 
   4.38651  -0.949978  -0.313894 
   4.50005  -0.979496  -0.204004 
   4.61508  -0.996482 -0.0899861 
   4.73169    -1.0002  0.0268234 
   4.84999  -0.990028   0.144961 
   4.97011  -0.965472   0.262839 
    5.0922  -0.926187   0.378753 
   5.21642  -0.871991   0.490884 
   5.34298  -0.802885   0.597307 
   5.47209  -0.719073   0.695991 
   5.60404  -0.620979   0.784812 
   5.73915  -0.509273   0.861551 
   5.87784   -0.38489   0.923894 
   6.02061  -0.249062    0.96943 
   6.16813  -0.103343   0.995623 
   6.32127  0.0503459   0.999774 
   6.48128    0.20967    0.97892 
   6.64996   0.371812   0.929626 
   6.83026   0.533378    0.84748 
         7   0.669548   0.744733 
